panel tri 604.33 917.83 126 599.5 917.33 126 601.38 917.24 124.6 tri780
panel tri 601.38 917.24 124.6 599.5 917.33 126 597.8 916.4 124.6 tri718
panel tri 599.5 917.33 126 592.92 914.37 126 597.8 916.4 124.6 tri654
panel tri 597.8 916.4 124.6 592.92 914.37 126 593.94 914.35 124.6 tri614
panel tri 593.94 914.35 124.6 592.92 914.37 126 590.4 911.6 124.6 tri511
panel tri 592.92 914.37 126 587.62 908.72 126 590.4 911.6 124.6 tri481
panel tri 590.4 911.6 124.6 587.62 908.72 126 587.56 908.58 124.6 tri406
panel tri 587.56 908.58 124.6 587.62 908.72 126 585.6 905.4 124.6 tri320
panel tri 587.62 908.72 126 585.4 904.3 126 585.6 905.4 124.6 tri321
panel tri 585.6 905.4 124.6 585.4 904.3 126 584.81 902.38 124.6 tri248
panel tri 585.4 904.3 126 585 901.9 126 584.81 902.38 124.6 tri240
panel tri 584.81 902.38 124.6 585 901.9 126 585.2 899.4 124.6 tri231
panel tri 585 901.9 126 586.8 896.8 126 585.2 899.4 124.6 tri234
panel tri 585.2 899.4 124.6 586.8 896.8 126 586.79 896.3 124.6 tri238
panel tri 586.79 896.3 124.6 586.8 896.8 126 589.8 893.6 124.6 tri292
panel tri 586.8 896.8 126 590.33 893.17 126 589.8 893.6 124.6 tri297
panel tri 589.8 893.6 124.6 590.33 893.17 126 593.01 892.3 124.6 tri379
panel tri 590.33 893.17 126 594.26 891.53 126 593.01 892.3 124.6 tri398
panel tri 593.01 892.3 124.6 594.26 891.53 126 596.94 891.33 124.6 tri488
panel tri 594.26 891.53 126 598.83 890.67 126 596.94 891.33 124.6 tri519
panel tri 596.94 891.33 124.6 598.83 890.67 126 604.39 890.75 124.6 tri594
panel tri 598.83 890.67 126 603.89 890.78 126 604.39 890.75 124.6 tri634
panel tri 604.33 917.83 126 600.25 917 127.4 599.5 917.33 126 tri781
panel tri 600.25 917 127.4 596.75 916 127.4 599.5 917.33 126 tri669
panel tri 599.5 917.33 126 596.75 916 127.4 592.92 914.37 126 tri655
panel tri 596.75 916 127.4 593 914.25 127.4 592.92 914.37 126 tri585
panel tri 593 914.25 127.4 589.5 911 127.4 592.92 914.37 126 tri485
panel tri 592.92 914.37 126 589.5 911 127.4 587.62 908.72 126 tri482
panel tri 589.5 911 127.4 585.88 904.75 127.4 587.62 908.72 126 tri373
panel tri 587.62 908.72 126 585.88 904.75 127.4 585.4 904.3 126 tri322
panel tri 585.4 904.3 126 585.88 904.75 127.4 585 901.9 126 tri241
panel tri 585.88 904.75 127.4 585.88 900.62 127.4 585 901.9 126 tri259
panel tri 585 901.9 126 585.88 900.62 127.4 586.8 896.8 126 tri233
panel tri 585.88 900.62 127.4 587.2 897.2 127.4 586.8 896.8 126 tri258
panel tri 587.2 897.2 127.4 589.9 894.1 127.4 586.8 896.8 126 tri313
panel tri 586.8 896.8 126 589.9 894.1 127.4 590.33 893.17 126 tri296
panel tri 589.9 894.1 127.4 591.9 892.5 127.4 590.33 893.17 126 tri385
panel tri 590.33 893.17 126 591.9 892.5 127.4 594.26 891.53 126 tri397
panel tri 591.9 892.5 127.4 595.94 891.17 127.4 594.26 891.53 126 tri450
panel tri 594.26 891.53 126 595.94 891.17 127.4 598.83 890.67 126 tri518
panel tri 595.94 891.17 127.4 600.83 890.17 127.4 598.83 890.67 126 tri559
panel tri 598.83 890.67 126 600.83 890.17 127.4 603.89 890.78 126 tri633
panel tri 587.2 897.2 127.4 589.67 895.33 128.8 589.9 894.1 127.4 tri312
panel tri 587.2 897.2 127.4 587 899 128.8 589.67 895.33 128.8 tri311
panel tri 585.88 900.62 127.4 587 899 128.8 587.2 897.2 127.4 tri257
panel tri 585.88 900.62 127.4 586.66 901.48 128.8 587 899 128.8 tri256
panel tri 585.88 904.75 127.4 586.66 901.48 128.8 585.88 900.62 127.4 tri260
panel tri 585.88 904.75 127.4 586.83 904 128.8 586.66 901.48 128.8 tri261
panel tri 585.88 904.75 127.4 589.35 910.5 128.8 586.83 904 128.8 tri262
panel tri 589.5 911 127.4 589.35 910.5 128.8 585.88 904.75 127.4 tri374
panel tri 589.5 911 127.4 590.83 912.83 128.8 589.35 910.5 128.8 tri375
panel tri 593 914.25 127.4 590.83 912.83 128.8 589.5 911 127.4 tri486
panel tri 593 914.25 127.4 593.1 914.36 128.8 590.83 912.83 128.8 tri487
panel tri 596.75 916 127.4 593.1 914.36 128.8 593 914.25 127.4 tri586
panel tri 596.75 916 127.4 599.71 916.58 128.8 593.1 914.36 128.8 tri587
panel tri 600.25 917 127.4 599.71 916.58 128.8 596.75 916 127.4 tri670
panel tri 600.25 917 127.4 603.5 917.17 128.8 599.71 916.58 128.8 tri671
panel tri 600.83 890.17 127.4 597.49 891.52 128.8 604.7 891.2 128.8 tri677
panel tri 595.94 891.17 127.4 597.49 891.52 128.8 600.83 890.17 127.4 tri558
panel tri 595.94 891.17 127.4 594.33 892.33 128.8 597.49 891.52 128.8 tri557
panel tri 591.9 892.5 127.4 594.33 892.33 128.8 595.94 891.17 127.4 tri449
panel tri 591.9 892.5 127.4 591.75 893.68 128.8 594.33 892.33 128.8 tri448
panel tri 589.9 894.1 127.4 591.75 893.68 128.8 591.9 892.5 127.4 tri384
panel tri 589.9 894.1 127.4 589.67 895.33 128.8 591.75 893.68 128.8 tri383
panel tri 587 899 128.8 590 895.5 130.2 589.67 895.33 128.8 tri306
panel tri 587 899 128.8 588.67 899.83 130.2 590 895.5 130.2 tri305
panel tri 586.66 901.48 128.8 588.67 899.83 130.2 587 899 128.8 tri280
panel tri 586.66 901.48 128.8 588.17 904.17 130.2 588.67 899.83 130.2 tri279
panel tri 586.83 904 128.8 588.17 904.17 130.2 586.66 901.48 128.8 tri300
panel tri 589.35 910.5 128.8 588.17 904.17 130.2 586.83 904 128.8 tri368
panel tri 589.35 910.5 128.8 590.5 910.5 130.2 588.17 904.17 130.2 tri369
panel tri 590.83 912.83 128.8 590.5 910.5 130.2 589.35 910.5 128.8 tri416
panel tri 590.83 912.83 128.8 593.17 913.17 130.2 590.5 910.5 130.2 tri417
panel tri 593.1 914.36 128.8 593.17 913.17 130.2 590.83 912.83 128.8 tri490
panel tri 593.1 914.36 128.8 599.5 915.83 130.2 593.17 913.17 130.2 tri491
panel tri 599.71 916.58 128.8 599.5 915.83 130.2 593.1 914.36 128.8 tri658
panel tri 599.71 916.58 128.8 602.67 916.12 130.2 599.5 915.83 130.2 tri659
panel tri 603.5 917.17 128.8 602.67 916.12 130.2 599.71 916.58 128.8 tri751
panel tri 597.49 891.52 128.8 600.83 891.67 130.2 604.7 891.2 128.8 tri603
panel tri 597.49 891.52 128.8 594.67 893 130.2 600.83 891.67 130.2 tri602
panel tri 594.33 892.33 128.8 594.67 893 130.2 597.49 891.52 128.8 tri521
panel tri 594.33 892.33 128.8 592.03 894.06 130.2 594.67 893 130.2 tri520
panel tri 591.75 893.68 128.8 592.03 894.06 130.2 594.33 892.33 128.8 tri441
panel tri 591.75 893.68 128.8 590 895.5 130.2 592.03 894.06 130.2 tri440
panel tri 589.67 895.33 128.8 590 895.5 130.2 591.75 893.68 128.8 tri378
panel tri 590 895.5 130.2 590.19 898.96 131.6 591.33 896 131.6 tri388
panel tri 588.67 899.83 130.2 590.19 898.96 131.6 590 895.5 130.2 tri360
panel tri 588.67 899.83 130.2 589.5 902.17 131.6 590.19 898.96 131.6 tri359
panel tri 588.17 904.17 130.2 589.5 902.17 131.6 588.67 899.83 130.2 tri341
panel tri 588.17 904.17 130.2 589.83 906.17 131.6 589.5 902.17 131.6 tri342
panel tri 590.5 910.5 130.2 589.83 906.17 131.6 588.17 904.17 130.2 tri407
panel tri 590.5 910.5 130.2 591 909.5 131.6 589.83 906.17 131.6 tri408
panel tri 590.5 910.5 130.2 592.95 911.88 131.6 591 909.5 131.6 tri409
panel tri 593.17 913.17 130.2 592.95 911.88 131.6 590.5 910.5 130.2 tri495
panel tri 593.17 913.17 130.2 595.5 914 131.6 592.95 911.88 131.6 tri496
panel tri 599.5 915.83 130.2 595.5 914 131.6 593.17 913.17 130.2 tri652
panel tri 599.5 915.83 130.2 598.4 914.99 131.6 595.5 914 131.6 tri653
panel tri 602.67 916.12 130.2 598.4 914.99 131.6 599.5 915.83 130.2 tri734
panel tri 602.67 916.12 130.2 604.68 915.19 131.6 598.4 914.99 131.6 tri735
panel tri 600.83 891.67 130.2 599.33 892.5 131.6 603.17 892.33 131.6 tri685
panel tri 594.67 893 130.2 599.33 892.5 131.6 600.83 891.67 130.2 tri532
panel tri 594.67 893 130.2 594.67 894 131.6 599.33 892.5 131.6 tri531
panel tri 592.03 894.06 130.2 594.67 894 131.6 594.67 893 130.2 tri455
panel tri 592.03 894.06 130.2 591.33 896 131.6 594.67 894 131.6 tri454
panel tri 590 895.5 130.2 591.33 896 131.6 592.03 894.06 130.2 tri389
panel tri 591.33 896 131.6 592.5 898 133 594.33 895.67 133 tri429
panel tri 590.19 898.96 131.6 592.5 898 133 591.33 896 131.6 tri396
panel tri 590.19 898.96 131.6 591.33 904 133 592.5 898 133 tri395
panel tri 589.5 902.17 131.6 591.33 904 133 590.19 898.96 131.6 tri370
panel tri 589.83 906.17 131.6 591.33 904 133 589.5 902.17 131.6 tri381
panel tri 589.83 906.17 131.6 591.64 906.67 133 591.33 904 133 tri382
panel tri 591 909.5 131.6 591.64 906.67 133 589.83 906.17 131.6 tri418
panel tri 591 909.5 131.6 592.5 909 133 591.64 906.67 133 tri419
panel tri 592.95 911.88 131.6 592.5 909 133 591 909.5 131.6 tri483
panel tri 592.95 911.88 131.6 595.83 912.33 133 592.5 909 133 tri484
panel tri 595.5 914 131.6 595.83 912.33 133 592.95 911.88 131.6 tri552
panel tri 598.4 914.99 131.6 595.83 912.33 133 595.5 914 131.6 tri621
panel tri 598.4 914.99 131.6 600.17 913.67 133 595.83 912.33 133 tri622
panel tri 604.68 915.19 131.6 600.17 913.67 133 598.4 914.99 131.6 tri788
panel tri 599.33 892.5 131.6 603.83 893.33 133 603.17 892.33 131.6 tri646
panel tri 599.33 892.5 131.6 598.67 893.67 133 603.83 893.33 133 tri645
panel tri 594.67 894 131.6 598.67 893.67 133 599.33 892.5 131.6 tri534
panel tri 594.67 894 131.6 594.33 895.67 133 598.67 893.67 133 tri533
panel tri 591.33 896 131.6 594.33 895.67 133 594.67 894 131.6 tri430
panel tri 594.33 895.67 133 593.33 898.5 134.4 596 896.17 134.4 tri522
panel tri 592.5 898 133 593.33 898.5 134.4 594.33 895.67 133 tri466
panel tri 592.5 898 133 592.17 902 134.4 593.33 898.5 134.4 tri465
panel tri 591.33 904 133 592.17 902 134.4 592.5 898 133 tri431
panel tri 591.33 904 133 592.17 906 134.4 592.17 902 134.4 tri432
panel tri 591.64 906.67 133 592.17 906 134.4 591.33 904 133 tri437
panel tri 592.5 909 133 592.17 906 134.4 591.64 906.67 133 tri467
panel tri 592.5 909 133 593.67 909.67 134.4 592.17 906 134.4 tri468
panel tri 592.5 909 133 595.17 910.67 134.4 593.67 909.67 134.4 tri469
panel tri 595.83 912.33 133 595.17 910.67 134.4 592.5 909 133 tri553
panel tri 595.83 912.33 133 598.83 912.67 134.4 595.17 910.67 134.4 tri554
panel tri 600.17 913.67 133 598.83 912.67 134.4 595.83 912.33 133 tri667
panel tri 600.17 913.67 133 606.67 912.5 134.4 598.83 912.67 134.4 tri668
panel tri 598.67 893.67 133 603.33 894 134.4 603.83 893.33 133 tri628
panel tri 598.67 893.67 133 598.67 894.83 134.4 603.33 894 134.4 tri627
panel tri 598.67 893.67 133 596 896.17 134.4 598.67 894.83 134.4 tri626
panel tri 594.33 895.67 133 596 896.17 134.4 598.67 893.67 133 tri523
panel tri 593.33 898.5 134.4 597 896.83 135.8 596 896.17 134.4 tri500
panel tri 593.33 898.5 134.4 594 900.33 135.8 597 896.83 135.8 tri499
panel tri 592.17 902 134.4 594 900.33 135.8 593.33 898.5 134.4 tri460
panel tri 592.17 902 134.4 593.67 904 135.8 594 900.33 135.8 tri459
panel tri 592.17 906 134.4 593.67 904 135.8 592.17 902 134.4 tri461
panel tri 592.17 906 134.4 594.67 907.33 135.8 593.67 904 135.8 tri462
panel tri 593.67 909.67 134.4 594.67 907.33 135.8 592.17 906 134.4 tri508
panel tri 593.67 909.67 134.4 596.83 909.33 135.8 594.67 907.33 135.8 tri509
panel tri 595.17 910.67 134.4 596.83 909.33 135.8 593.67 909.67 134.4 tri545
panel tri 598.83 912.67 134.4 596.83 909.33 135.8 595.17 910.67 134.4 tri636
panel tri 598.83 912.67 134.4 599.83 911.5 135.8 596.83 909.33 135.8 tri637
panel tri 598.83 912.67 134.4 602.83 911.96 135.8 599.83 911.5 135.8 tri638
panel tri 606.67 912.5 134.4 602.83 911.96 135.8 598.83 912.67 134.4 tri823
panel tri 598.67 894.83 134.4 600.83 895.33 135.8 603.33 894 134.4 tri630
panel tri 598.67 894.83 134.4 597 896.83 135.8 600.83 895.33 135.8 tri629
panel tri 596 896.17 134.4 597 896.83 135.8 598.67 894.83 134.4 tri563
panel tri 594 900.33 135.8 595.5 900 137.2 597 896.83 135.8 tri513
panel tri 594 900.33 135.8 595 903.33 137.2 595.5 900 137.2 tri512
panel tri 593.67 904 135.8 595 903.33 137.2 594 900.33 135.8 tri506
panel tri 593.67 904 135.8 596.5 906.83 137.2 595 903.33 137.2 tri507
panel tri 594.67 907.33 135.8 596.5 906.83 137.2 593.67 904 135.8 tri535
panel tri 596.83 909.33 135.8 596.5 906.83 137.2 594.67 907.33 135.8 tri592
panel tri 596.83 909.33 135.8 598.83 909.33 137.2 596.5 906.83 137.2 tri593
panel tri 599.83 911.5 135.8 598.83 909.33 137.2 596.83 909.33 135.8 tri662
panel tri 599.83 911.5 135.8 601.28 910.17 137.2 598.83 909.33 137.2 tri663
panel tri 602.83 911.96 135.8 601.28 910.17 137.2 599.83 911.5 135.8 tri738
panel tri 600.83 895.33 135.8 598.5 897.17 137.2 603.17 896.5 137.2 tri687
panel tri 597 896.83 135.8 598.5 897.17 137.2 600.83 895.33 135.8 tri597
panel tri 597 896.83 135.8 595.5 900 137.2 598.5 897.17 137.2 tri596
panel tri 595 903.33 137.2 603.33 903.83 138.6 595.5 900 137.2 tri542
panel tri 596.5 906.83 137.2 603.33 903.83 138.6 595 903.33 137.2 tri575
panel tri 598.83 909.33 137.2 603.33 903.83 138.6 596.5 906.83 137.2 tri635
panel tri 601.28 910.17 137.2 603.33 903.83 138.6 598.83 909.33 137.2 tri698
panel tri 598.5 897.17 137.2 603.33 903.83 138.6 603.17 896.5 137.2 tri623
panel tri 595.5 900 137.2 603.33 903.83 138.6 598.5 897.17 137.2 tri551
panel tri 602.83 917.5 123.2 601.38 917.24 124.6 599.48 916.36 123.2 tri740
panel tri 601.38 917.24 124.6 597.8 916.4 124.6 599.48 916.36 123.2 tri717
panel tri 597.8 916.4 124.6 593.94 914.35 124.6 599.48 916.36 123.2 tri615
panel tri 599.48 916.36 123.2 593.94 914.35 124.6 592 912.67 123.2 tri649
panel tri 593.94 914.35 124.6 590.4 911.6 124.6 592 912.67 123.2 tri510
panel tri 592 912.67 123.2 590.4 911.6 124.6 588.01 909.31 123.2 tri453
panel tri 590.4 911.6 124.6 587.56 908.58 124.6 588.01 909.31 123.2 tri405
panel tri 588.01 909.31 123.2 587.56 908.58 124.6 585.6 904.7 123.2 tri334
panel tri 587.56 908.58 124.6 585.6 905.4 124.6 585.6 904.7 123.2 tri319
panel tri 585.6 905.4 124.6 584.81 902.38 124.6 585.6 904.7 123.2 tri247
panel tri 585.6 904.7 123.2 584.81 902.38 124.6 585.3 902.7 123.2 tri246
panel tri 584.81 902.38 124.6 585.2 899.4 124.6 585.3 902.7 123.2 tri232
panel tri 585.3 902.7 123.2 585.2 899.4 124.6 586.2 897.7 123.2 tri239
panel tri 585.2 899.4 124.6 586.79 896.3 124.6 586.2 897.7 123.2 tri237
panel tri 586.2 897.7 123.2 586.79 896.3 124.6 587.4 895.4 123.2 tri270
panel tri 586.79 896.3 124.6 589.8 893.6 124.6 587.4 895.4 123.2 tri293
panel tri 587.4 895.4 123.2 589.8 893.6 124.6 591.39 892.44 123.2 tri316
panel tri 589.8 893.6 124.6 593.01 892.3 124.6 591.39 892.44 123.2 tri380
panel tri 591.39 892.44 123.2 593.01 892.3 124.6 596 890.83 123.2 tri436
panel tri 593.01 892.3 124.6 596.94 891.33 124.6 596 890.83 123.2 tri489
panel tri 596 890.83 123.2 596.94 891.33 124.6 600.17 890.31 123.2 tri560
panel tri 596.94 891.33 124.6 604.39 890.75 124.6 600.17 890.31 123.2 tri595
panel tri 586.83 897 121.8 587.4 895.4 123.2 588.34 894.88 121.8 tri299
panel tri 586.83 897 121.8 586.2 897.7 123.2 587.4 895.4 123.2 tri298
panel tri 586.03 899.71 121.8 586.2 897.7 123.2 586.83 897 121.8 tri266
panel tri 586.03 899.71 121.8 585.3 902.7 123.2 586.2 897.7 123.2 tri265
panel tri 586 902.83 121.8 585.3 902.7 123.2 586.03 899.71 121.8 tri263
panel tri 586 902.83 121.8 585.6 904.7 123.2 585.3 902.7 123.2 tri264
panel tri 586.79 906.47 121.8 585.6 904.7 123.2 586 902.83 121.8 tri294
panel tri 586.79 906.47 121.8 588.01 909.31 123.2 585.6 904.7 123.2 tri295
panel tri 588.5 910 121.8 588.01 909.31 123.2 586.79 906.47 121.8 tri351
panel tri 588.5 910 121.8 592 912.67 123.2 588.01 909.31 123.2 tri352
panel tri 591.36 912.83 121.8 592 912.67 123.2 588.5 910 121.8 tri435
panel tri 595 915 121.8 592 912.67 123.2 591.36 912.83 121.8 tri543
panel tri 595 915 121.8 599.48 916.36 123.2 592 912.67 123.2 tri544
panel tri 599.43 916.26 121.8 599.48 916.36 123.2 595 915 121.8 tri647
panel tri 599.43 916.26 121.8 602.83 917.5 123.2 599.48 916.36 123.2 tri648
panel tri 606.41 916.8 121.8 602.83 917.5 123.2 599.43 916.26 121.8 tri814
panel tri 596.5 890.67 121.8 600.17 890.31 123.2 600.44 890.52 121.8 tri574
panel tri 596.5 890.67 121.8 596 890.83 123.2 600.17 890.31 123.2 tri573
panel tri 593.23 891.67 121.8 596 890.83 123.2 596.5 890.67 121.8 tri498
panel tri 593.23 891.67 121.8 591.39 892.44 123.2 596 890.83 123.2 tri497
panel tri 588.34 894.88 121.8 591.39 892.44 123.2 593.23 891.67 121.8 tri346
panel tri 588.34 894.88 121.8 587.4 895.4 123.2 591.39 892.44 123.2 tri345
panel tri 586.67 896.5 120.4 588.34 894.88 121.8 588.39 894.7 120.4 tri283
panel tri 586.67 896.5 120.4 586.83 897 121.8 588.34 894.88 121.8 tri282
panel tri 586.67 896.5 120.4 586.03 899.71 121.8 586.83 897 121.8 tri281
panel tri 585.67 900.67 120.4 586.03 899.71 121.8 586.67 896.5 120.4 tri252
panel tri 585.67 900.67 120.4 586 902.83 121.8 586.03 899.71 121.8 tri251
panel tri 585.68 902.98 120.4 586 902.83 121.8 585.67 900.67 120.4 tri255
panel tri 586.33 905.67 120.4 586 902.83 121.8 585.68 902.98 120.4 tri273
panel tri 586.33 905.67 120.4 586.79 906.47 121.8 586 902.83 121.8 tri274
panel tri 588.04 909.34 120.4 586.79 906.47 121.8 586.33 905.67 120.4 tri335
panel tri 588.04 909.34 120.4 588.5 910 121.8 586.79 906.47 121.8 tri336
panel tri 590.5 912.83 120.4 588.5 910 121.8 588.04 909.34 120.4 tri412
panel tri 590.5 912.83 120.4 591.36 912.83 121.8 588.5 910 121.8 tri413
panel tri 593.6 914.97 120.4 591.36 912.83 121.8 590.5 912.83 120.4 tri503
panel tri 593.6 914.97 120.4 595 915 121.8 591.36 912.83 121.8 tri504
panel tri 597.17 916.33 120.4 595 915 121.8 593.6 914.97 120.4 tri600
panel tri 597.17 916.33 120.4 599.43 916.26 121.8 595 915 121.8 tri601
panel tri 601.09 917.14 120.4 599.43 916.26 121.8 597.17 916.33 120.4 tri689
panel tri 601.09 917.14 120.4 606.41 916.8 121.8 599.43 916.26 121.8 tri690
panel tri 599.98 890.56 120.4 600.44 890.52 121.8 604.33 890.5 120.4 tri665
panel tri 599.98 890.56 120.4 596.5 890.67 121.8 600.44 890.52 121.8 tri664
panel tri 593.16 892 120.4 596.5 890.67 121.8 599.98 890.56 120.4 tri494
panel tri 593.16 892 120.4 593.23 891.67 121.8 596.5 890.67 121.8 tri493
panel tri 593.16 892 120.4 588.34 894.88 121.8 593.23 891.67 121.8 tri492
panel tri 588.39 894.7 120.4 588.34 894.88 121.8 593.16 892 120.4 tri347
panel tri 588 895.17 119 586.67 896.5 120.4 588.39 894.7 120.4 tri329
panel tri 586.48 897.96 119 586.67 896.5 120.4 588 895.17 119 tri276
panel tri 586.48 897.96 119 585.67 900.67 120.4 586.67 896.5 120.4 tri275
panel tri 585.67 901 119 585.67 900.67 120.4 586.48 897.96 119 tri253
panel tri 585.67 901 119 585.68 902.98 120.4 585.67 900.67 120.4 tri254
panel tri 585.66 903.63 119 585.68 902.98 120.4 585.67 901 119 tri249
panel tri 585.66 903.63 119 586.33 905.67 120.4 585.68 902.98 120.4 tri250
panel tri 587.51 908.76 119 586.33 905.67 120.4 585.66 903.63 119 tri317
panel tri 587.51 908.76 119 588.04 909.34 120.4 586.33 905.67 120.4 tri318
panel tri 589.5 911.33 119 588.04 909.34 120.4 587.51 908.76 119 tri376
panel tri 589.5 911.33 119 590.5 912.83 120.4 588.04 909.34 120.4 tri377
panel tri 592.82 914.08 119 590.5 912.83 120.4 589.5 911.33 119 tri479
panel tri 592.82 914.08 119 593.6 914.97 120.4 590.5 912.83 120.4 tri480
panel tri 596.67 916.33 119 593.6 914.97 120.4 592.82 914.08 119 tri578
panel tri 596.67 916.33 119 597.17 916.33 120.4 593.6 914.97 120.4 tri579
panel tri 600.36 917.29 119 597.17 916.33 120.4 596.67 916.33 119 tri672
panel tri 600.36 917.29 119 601.09 917.14 120.4 597.17 916.33 120.4 tri673
panel tri 600.83 890.33 119 599.98 890.56 120.4 604.33 890.5 120.4 tri680
panel tri 596.57 890.9 119 599.98 890.56 120.4 600.83 890.33 119 tri577
panel tri 596.57 890.9 119 593.16 892 120.4 599.98 890.56 120.4 tri576
panel tri 590.16 893.32 119 593.16 892 120.4 596.57 890.9 119 tri394
panel tri 590.16 893.32 119 588.39 894.7 120.4 593.16 892 120.4 tri393
panel tri 588 895.17 119 588.39 894.7 120.4 590.16 893.32 119 tri330
panel tri 587.33 897 117.6 588 895.17 119 589.09 894.86 117.6 tri315
panel tri 587.33 897 117.6 586.48 897.96 119 588 895.17 119 tri314
panel tri 586.17 901.33 117.6 586.48 897.96 119 587.33 897 117.6 tri269
panel tri 586.17 901.33 117.6 585.67 901 119 586.48 897.96 119 tri268
panel tri 586.17 901.33 117.6 585.66 903.63 119 585.67 901 119 tri267
panel tri 586.72 904.73 117.6 585.66 903.63 119 586.17 901.33 117.6 tri288
panel tri 586.72 904.73 117.6 587.51 908.76 119 585.66 903.63 119 tri289
panel tri 588 908.33 117.6 587.51 908.76 119 586.72 904.73 117.6 tri332
panel tri 588 908.33 117.6 589.5 911.33 119 587.51 908.76 119 tri333
panel tri 589.96 911.54 117.6 589.5 911.33 119 588 908.33 117.6 tri386
panel tri 589.96 911.54 117.6 592.82 914.08 119 589.5 911.33 119 tri387
panel tri 592.67 914.33 117.6 592.82 914.08 119 589.96 911.54 117.6 tri474
panel tri 596.43 916.53 117.6 592.82 914.08 119 592.67 914.33 117.6 tri570
panel tri 596.43 916.53 117.6 596.67 916.33 119 592.82 914.08 119 tri571
panel tri 596.43 916.53 117.6 600.36 917.29 119 596.67 916.33 119 tri572
panel tri 600.5 918 117.6 600.36 917.29 119 596.43 916.53 117.6 tri675
panel tri 600.83 890.83 117.6 596.57 890.9 119 600.83 890.33 119 tri682
panel tri 596.08 891.6 117.6 596.57 890.9 119 600.83 890.83 117.6 tri564
panel tri 591.83 893 117.6 596.57 890.9 119 596.08 891.6 117.6 tri443
panel tri 591.83 893 117.6 590.16 893.32 119 596.57 890.9 119 tri442
panel tri 589.09 894.86 117.6 590.16 893.32 119 591.83 893 117.6 tri364
panel tri 589.09 894.86 117.6 588 895.17 119 590.16 893.32 119 tri363
panel tri 588.18 896.6 116.2 589.09 894.86 117.6 590.33 894.17 116.2 tri344
panel tri 588.18 896.6 116.2 587.33 897 117.6 589.09 894.86 117.6 tri343
panel tri 586.67 899.33 116.2 587.33 897 117.6 588.18 896.6 116.2 tri285
panel tri 586.67 899.33 116.2 586.17 901.33 117.6 587.33 897 117.6 tri284
panel tri 586.67 904 116.2 586.17 901.33 117.6 586.67 899.33 116.2 tri286
panel tri 586.67 904 116.2 586.72 904.73 117.6 586.17 901.33 117.6 tri287
panel tri 587.83 908.17 116.2 586.72 904.73 117.6 586.67 904 116.2 tri323
panel tri 587.83 908.17 116.2 588 908.33 117.6 586.72 904.73 117.6 tri324
panel tri 587.83 908.17 116.2 589.96 911.54 117.6 588 908.33 117.6 tri325
panel tri 591.33 912.17 116.2 589.96 911.54 117.6 587.83 908.17 116.2 tri433
panel tri 591.33 912.17 116.2 592.67 914.33 117.6 589.96 911.54 117.6 tri434
panel tri 594.16 914.57 116.2 592.67 914.33 117.6 591.33 912.17 116.2 tri516
panel tri 594.16 914.57 116.2 596.43 916.53 117.6 592.67 914.33 117.6 tri517
panel tri 597.5 916.67 116.2 596.43 916.53 117.6 594.16 914.57 116.2 tri606
panel tri 597.5 916.67 116.2 600.5 918 117.6 596.43 916.53 117.6 tri607
panel tri 601.33 917.79 116.2 600.5 918 117.6 597.5 916.67 116.2 tri713
panel tri 601.5 891.67 116.2 596.08 891.6 117.6 600.83 890.83 117.6 tri721
panel tri 595.5 891.83 116.2 596.08 891.6 117.6 601.5 891.67 116.2 tri550
panel tri 592.77 892.69 116.2 596.08 891.6 117.6 595.5 891.83 116.2 tri476
panel tri 592.77 892.69 116.2 591.83 893 117.6 596.08 891.6 117.6 tri475
panel tri 590.33 894.17 116.2 591.83 893 117.6 592.77 892.69 116.2 tri400
panel tri 590.33 894.17 116.2 589.09 894.86 117.6 591.83 893 117.6 tri399
panel tri 588.5 895.5 114.8 588.18 896.6 116.2 590.33 894.17 116.2 tri348
panel tri 587 899 114.8 588.18 896.6 116.2 588.5 895.5 114.8 tri304
panel tri 587 899 114.8 586.67 899.33 116.2 588.18 896.6 116.2 tri303
panel tri 586.5 903.5 114.8 586.67 899.33 116.2 587 899 114.8 tri277
panel tri 586.5 903.5 114.8 586.67 904 116.2 586.67 899.33 116.2 tri278
panel tri 587.83 908.5 114.8 586.67 904 116.2 586.5 903.5 114.8 tri326
panel tri 587.83 908.5 114.8 587.83 908.17 116.2 586.67 904 116.2 tri327
panel tri 587.83 908.5 114.8 591.33 912.17 116.2 587.83 908.17 116.2 tri328
panel tri 590.83 912.67 114.8 591.33 912.17 116.2 587.83 908.5 114.8 tri414
panel tri 590.83 912.67 114.8 594.16 914.57 116.2 591.33 912.17 116.2 tri415
panel tri 596.67 917.17 114.8 594.16 914.57 116.2 590.83 912.67 114.8 tri580
panel tri 596.67 917.17 114.8 597.5 916.67 116.2 594.16 914.57 116.2 tri581
panel tri 596.67 917.17 114.8 601.33 917.79 116.2 597.5 916.67 116.2 tri582
panel tri 603.67 918.83 114.8 601.33 917.79 116.2 596.67 917.17 114.8 tri753
panel tri 601.17 891.5 114.8 595.5 891.83 116.2 601.5 891.67 116.2 tri691
panel tri 595 891.83 114.8 595.5 891.83 116.2 601.17 891.5 114.8 tri539
panel tri 595 891.83 114.8 592.77 892.69 116.2 595.5 891.83 116.2 tri538
panel tri 588.5 895.5 114.8 592.77 892.69 116.2 595 891.83 114.8 tri350
panel tri 588.5 895.5 114.8 590.33 894.17 116.2 592.77 892.69 116.2 tri349
panel tri 588.1 897.1 113.4 587 899 114.8 588.5 895.5 114.8 tri337
panel tri 587.1 901 113.4 587 899 114.8 588.1 897.1 113.4 tri310
panel tri 587.1 901 113.4 586.5 903.5 114.8 587 899 114.8 tri309
panel tri 587 904 113.4 586.5 903.5 114.8 587.1 901 113.4 tri307
panel tri 587 904 113.4 587.83 908.5 114.8 586.5 903.5 114.8 tri308
panel tri 588 907.9 113.4 587.83 908.5 114.8 587 904 113.4 tri331
panel tri 590.5 911.9 113.4 587.83 908.5 114.8 588 907.9 113.4 tri410
panel tri 590.5 911.9 113.4 590.83 912.67 114.8 587.83 908.5 114.8 tri411
panel tri 596.7 916.7 113.4 590.83 912.67 114.8 590.5 911.9 113.4 tri583
panel tri 596.7 916.7 113.4 596.67 917.17 114.8 590.83 912.67 114.8 tri584
panel tri 602.4 918.2 113.4 596.67 917.17 114.8 596.7 916.7 113.4 tri732
panel tri 602.4 918.2 113.4 603.67 918.83 114.8 596.67 917.17 114.8 tri733
panel tri 596.83 892 113.4 601.17 891.5 114.8 602.83 892 113.4 tri591
panel tri 596.83 892 113.4 595 891.83 114.8 601.17 891.5 114.8 tri590
panel tri 592.4 893.4 113.4 595 891.83 114.8 596.83 892 113.4 tri464
panel tri 592.4 893.4 113.4 588.5 895.5 114.8 595 891.83 114.8 tri463
panel tri 588.1 897.1 113.4 588.5 895.5 114.8 592.4 893.4 113.4 tri338
panel tri 589.3 897.8 112 588.1 897.1 113.4 592.8 894.4 112 tri367
panel tri 588.6 900.1 112 588.1 897.1 113.4 589.3 897.8 112 tri355
panel tri 588.6 900.1 112 587.1 901 113.4 588.1 897.1 113.4 tri354
panel tri 588.6 904.5 112 587.1 901 113.4 588.6 900.1 112 tri357
panel tri 588.6 904.5 112 587 904 113.4 587.1 901 113.4 tri356
panel tri 588.6 904.5 112 588 907.9 113.4 587 904 113.4 tri358
panel tri 589.2 907.7 112 588 907.9 113.4 588.6 904.5 112 tri365
panel tri 589.2 907.7 112 590.5 911.9 113.4 588 907.9 113.4 tri366
panel tri 592.1 911.9 112 590.5 911.9 113.4 589.2 907.7 112 tri458
panel tri 594.6 914.5 112 590.5 911.9 113.4 592.1 911.9 112 tri529
panel tri 594.6 914.5 112 596.7 916.7 113.4 590.5 911.9 113.4 tri530
panel tri 598.33 916.83 112 596.7 916.7 113.4 594.6 914.5 112 tri619
panel tri 598.33 916.83 112 602.4 918.2 113.4 596.7 916.7 113.4 tri620
panel tri 603.33 917.83 112 602.4 918.2 113.4 598.33 916.83 112 tri749
panel tri 601.5 892.5 112 596.83 892 113.4 602.83 892 113.4 tri724
panel tri 596 893.17 112 596.83 892 113.4 601.5 892.5 112 tri562
panel tri 596 893.17 112 592.4 893.4 113.4 596.83 892 113.4 tri561
panel tri 592.8 894.4 112 592.4 893.4 113.4 596 893.17 112 tri478
panel tri 592.8 894.4 112 588.1 897.1 113.4 592.4 893.4 113.4 tri477
panel tri 591.67 897 110.6 589.3 897.8 112 592.8 894.4 112 tri438
panel tri 590 900.5 110.6 589.3 897.8 112 591.67 897 110.6 tri392
panel tri 590 900.5 110.6 588.6 900.1 112 589.3 897.8 112 tri390
panel tri 590 900.5 110.6 588.6 904.5 112 588.6 900.1 112 tri391
panel tri 589.5 904.67 110.6 588.6 904.5 112 590 900.5 110.6 tri371
panel tri 589.5 904.67 110.6 589.2 907.7 112 588.6 904.5 112 tri372
panel tri 590.33 908.17 110.6 589.2 907.7 112 589.5 904.67 110.6 tri403
panel tri 590.33 908.17 110.6 592.1 911.9 112 589.2 907.7 112 tri404
panel tri 592.67 911.5 110.6 592.1 911.9 112 590.33 908.17 110.6 tri472
panel tri 592.67 911.5 110.6 594.6 914.5 112 592.1 911.9 112 tri473
panel tri 597 914.83 110.6 594.6 914.5 112 592.67 911.5 110.6 tri598
panel tri 597 914.83 110.6 598.33 916.83 112 594.6 914.5 112 tri599
panel tri 602.33 916.33 110.6 598.33 916.83 112 597 914.83 110.6 tri730
panel tri 602.33 916.33 110.6 603.33 917.83 112 598.33 916.83 112 tri731
panel tri 596.17 894.17 110.6 601.5 892.5 112 603.17 893.67 110.6 tri567
panel tri 596.17 894.17 110.6 596 893.17 112 601.5 892.5 112 tri566
panel tri 596.17 894.17 110.6 592.8 894.4 112 596 893.17 112 tri565
panel tri 591.67 897 110.6 592.8 894.4 112 596.17 894.17 110.6 tri439
panel tri 592 899.67 109.2 590 900.5 110.6 591.67 897 110.6 tri451
panel tri 590.33 903.67 109.2 590 900.5 110.6 592 899.67 109.2 tri402
panel tri 590.33 903.67 109.2 589.5 904.67 110.6 590 900.5 110.6 tri401
panel tri 591.17 907.67 109.2 589.5 904.67 110.6 590.33 903.67 109.2 tri424
panel tri 591.17 907.67 109.2 590.33 908.17 110.6 589.5 904.67 110.6 tri425
panel tri 591.17 907.67 109.2 592.67 911.5 110.6 590.33 908.17 110.6 tri426
panel tri 594 911.5 109.2 592.67 911.5 110.6 591.17 907.67 109.2 tri514
panel tri 594 911.5 109.2 597 914.83 110.6 592.67 911.5 110.6 tri515
panel tri 599.5 914.17 109.2 597 914.83 110.6 594 911.5 109.2 tri650
panel tri 599.5 914.17 109.2 602.33 916.33 110.6 597 914.83 110.6 tri651
panel tri 604.33 914.33 109.2 602.33 916.33 110.6 599.5 914.17 109.2 tri778
panel tri 599.83 895.67 109.2 603.17 893.67 110.6 604.17 895.83 109.2 tri661
panel tri 599.83 895.67 109.2 596.17 894.17 110.6 603.17 893.67 110.6 tri660
panel tri 595 896.83 109.2 596.17 894.17 110.6 599.83 895.67 109.2 tri541
panel tri 595 896.83 109.2 591.67 897 110.6 596.17 894.17 110.6 tri540
panel tri 592 899.67 109.2 591.67 897 110.6 595 896.83 109.2 tri452
panel tri 594.5 900 107.8 590.33 903.67 109.2 592 899.67 109.2 tri524
panel tri 592.67 905.5 107.8 590.33 903.67 109.2 594.5 900 107.8 tri470
panel tri 592.67 905.5 107.8 591.17 907.67 109.2 590.33 903.67 109.2 tri471
panel tri 594.5 909.17 107.8 591.17 907.67 109.2 592.67 905.5 107.8 tri527
panel tri 594.5 909.17 107.8 594 911.5 109.2 591.17 907.67 109.2 tri528
panel tri 599 912.33 107.8 594 911.5 109.2 594.5 909.17 107.8 tri641
panel tri 599 912.33 107.8 599.5 914.17 109.2 594 911.5 109.2 tri642
panel tri 603.17 912.83 107.8 599.5 914.17 109.2 599 912.33 107.8 tri745
panel tri 603.17 912.83 107.8 604.33 914.33 109.2 599.5 914.17 109.2 tri746
panel tri 604.33 897.83 107.8 599.83 895.67 109.2 604.17 895.83 109.2 tri775
panel tri 597.5 898.17 107.8 599.83 895.67 109.2 604.33 897.83 107.8 tri605
panel tri 597.5 898.17 107.8 595 896.83 109.2 599.83 895.67 109.2 tri604
panel tri 594.5 900 107.8 595 896.83 109.2 597.5 898.17 107.8 tri526
panel tri 594.5 900 107.8 592 899.67 109.2 595 896.83 109.2 tri525
panel tri 601.33 906 106.4 592.67 905.5 107.8 594.5 900 107.8 tri701
panel tri 601.33 906 106.4 594.5 909.17 107.8 592.67 905.5 107.8 tri703
panel tri 601.33 906 106.4 599 912.33 107.8 594.5 909.17 107.8 tri705
panel tri 601.33 906 106.4 603.17 912.83 107.8 599 912.33 107.8 tri706
panel tri 601.33 906 106.4 597.5 898.17 107.8 604.33 897.83 107.8 tri704
panel tri 601.33 906 106.4 594.5 900 107.8 597.5 898.17 107.8 tri702
