panel tri 638.17 915.17 126 637.83 911.83 126 639.5 912.5 124.6 tri1385
panel tri 639.5 912.5 124.6 637.83 911.83 126 637.51 910.57 124.6 tri1408
panel tri 637.83 911.83 126 635.75 910.43 126 637.51 910.57 124.6 tri1375
panel tri 637.51 910.57 124.6 635.75 910.43 126 632.46 908.01 124.6 tri1367
panel tri 635.75 910.43 126 633.17 909.33 126 632.46 908.01 124.6 tri1324
panel tri 633.17 909.33 126 628.83 908.5 126 632.46 908.01 124.6 tri1300
panel tri 632.46 908.01 124.6 628.83 908.5 126 629.8 907.4 124.6 tri1295
panel tri 629.8 907.4 124.6 628.83 908.5 126 626.39 907.71 124.6 tri1257
panel tri 628.83 908.5 126 625 908.33 126 626.39 907.71 124.6 tri1244
panel tri 622.53 900.68 126 631 905.83 126 625.4 904 124.6 tri1161
panel tri 625.4 904 124.6 631 905.83 126 628.41 905.58 124.6 tri1204
panel tri 628.41 905.58 124.6 631 905.83 126 634.66 907.44 124.6 tri1240
panel tri 631 905.83 126 633.81 906.67 126 634.66 907.44 124.6 tri1274
panel tri 633.81 906.67 126 636.67 906.83 126 634.66 907.44 124.6 tri1306
panel tri 634.66 907.44 124.6 636.67 906.83 126 638.8 907 124.6 tri1312
panel tri 636.67 906.83 126 639.89 906.42 126 638.8 907 124.6 tri1349
panel tri 638.8 907 124.6 639.89 906.42 126 642.04 905.54 124.6 tri1395
panel tri 638.17 915.17 126 637.33 914.67 127.4 637.83 911.83 126 tri1384
panel tri 637.33 914.67 127.4 635.67 911 127.4 637.83 911.83 126 tri1360
panel tri 637.83 911.83 126 635.67 911 127.4 635.75 910.43 126 tri1374
panel tri 635.75 910.43 126 635.67 911 127.4 633.17 909.33 126 tri1325
panel tri 635.67 911 127.4 632 908.67 127.4 633.17 909.33 126 tri1320
panel tri 633.17 909.33 126 632 908.67 127.4 628.83 908.5 126 tri1301
panel tri 632 908.67 127.4 629.09 908.08 127.4 628.83 908.5 126 tri1291
panel tri 629.09 908.08 127.4 625.83 908.17 127.4 628.83 908.5 126 tri1248
panel tri 628.83 908.5 126 625.83 908.17 127.4 625 908.33 126 tri1245
panel tri 622.53 900.68 126 624.17 901.67 127.4 631 905.83 126 tri1160
panel tri 624.17 901.67 127.4 629.86 905.06 127.4 631 905.83 126 tri1197
panel tri 631 905.83 126 629.86 905.06 127.4 633.81 906.67 126 tri1273
panel tri 629.86 905.06 127.4 638.12 906.53 127.4 633.81 906.67 126 tri1261
panel tri 633.81 906.67 126 638.12 906.53 127.4 636.67 906.83 126 tri1307
panel tri 636.67 906.83 126 638.12 906.53 127.4 639.89 906.42 126 tri1348
panel tri 638.12 906.53 127.4 641.17 906.17 127.4 639.89 906.42 126 tri1383
panel tri 629.09 908.08 127.4 626 906.67 128.8 625.83 908.17 127.4 tri1249
panel tri 629.48 906.57 128.45 626 906.67 128.8 629.09 908.08 127.4 tri1253
panel tri 629.48 906.57 128.45 626.33 906 128.8 626 906.67 128.8 tri1254
panel tri 629.86 905.06 127.4 626.33 906 128.8 629.48 906.57 128.45 tri1259
panel tri 629.86 905.06 127.4 626 904.83 128.8 626.33 906 128.8 tri1258
panel tri 624.17 901.67 127.4 626 904.83 128.8 629.86 905.06 127.4 tri1196
panel tri 637.33 914.67 127.4 636.75 914.75 128.8 635.67 911 127.4 tri1361
panel tri 636.75 914.75 128.8 636.5 910.75 128.8 635.67 911 127.4 tri1352
panel tri 636.5 910.75 128.8 635.75 908.5 128.8 635.67 911 127.4 tri1346
panel tri 635.67 911 127.4 635.75 908.5 128.8 632 908.67 127.4 tri1321
panel tri 632 908.67 127.4 635.75 908.5 128.8 629.09 908.08 127.4 tri1292
panel tri 629.09 908.08 127.4 635.75 908.5 128.8 629.48 906.57 128.45 tri1250
panel tri 629.48 906.57 128.45 635.75 908.5 128.8 629.86 905.06 127.4 tri1255
panel tri 629.86 905.06 127.4 635.75 908.5 128.8 638.12 906.53 127.4 tri1260
panel tri 635.75 908.5 128.8 638 907 128.8 638.12 906.53 127.4 tri1322
panel tri 638.12 906.53 127.4 638 907 128.8 641.17 906.17 127.4 tri1382
panel tri 638 907 128.8 643.73 905.17 128.8 641.17 906.17 127.4 tri1379
panel tri 636.75 914.75 128.8 639 912.25 130.2 636.5 910.75 128.8 tri1353
panel tri 639 912.25 130.2 640.75 908.75 130.2 636.5 910.75 128.8 tri1399
panel tri 636.5 910.75 128.8 640.75 908.75 130.2 635.75 908.5 128.8 tri1347
panel tri 635.75 908.5 128.8 640.75 908.75 130.2 638 907 128.8 tri1323
panel tri 638 907 128.8 640.75 908.75 130.2 643.73 905.17 128.8 tri1378
panel tri 639.5 912.5 124.6 637.51 910.57 124.6 637.58 912.46 123.2 tri1407
panel tri 637.58 912.46 123.2 637.51 910.57 124.6 636.83 909.67 123.2 tri1369
panel tri 637.51 910.57 124.6 632.46 908.01 124.6 636.83 909.67 123.2 tri1366
panel tri 636.83 909.67 123.2 632.46 908.01 124.6 630.79 907.24 123.2 tri1357
panel tri 632.46 908.01 124.6 629.8 907.4 124.6 630.79 907.24 123.2 tri1296
panel tri 630.79 907.24 123.2 629.8 907.4 124.6 627.5 907.33 123.2 tri1272
panel tri 629.8 907.4 124.6 626.39 907.71 124.6 627.5 907.33 123.2 tri1256
panel tri 627.5 907.33 123.2 626.39 907.71 124.6 624.13 908.65 123.2 tri1231
panel tri 625.17 903 123.2 625.4 904 124.6 628 905.17 123.2 tri1202
panel tri 625.4 904 124.6 628.41 905.58 124.6 628 905.17 123.2 tri1203
panel tri 628 905.17 123.2 628.41 905.58 124.6 633.5 907 123.2 tri1236
panel tri 628.41 905.58 124.6 634.66 907.44 124.6 633.5 907 123.2 tri1241
panel tri 633.5 907 123.2 634.66 907.44 124.6 636.8 907.32 123.2 tri1304
panel tri 634.66 907.44 124.6 638.8 907 124.6 636.8 907.32 123.2 tri1313
panel tri 636.8 907.32 123.2 638.8 907 124.6 640.33 907 123.2 tri1354
panel tri 638.8 907 124.6 642.04 905.54 124.6 640.33 907 123.2 tri1396
panel tri 626.83 906.33 121.8 627.5 907.33 123.2 624.13 908.65 123.2 tri1227
panel tri 626.83 906.33 121.8 627.75 906.25 122.15 627.5 907.33 123.2 tri1228
panel tri 626.67 905 121.8 627.75 906.25 122.15 626.83 906.33 121.8 tri1224
panel tri 626.67 905 121.8 628 905.17 123.2 627.75 906.25 122.15 tri1225
panel tri 626.67 905 121.8 625.17 903 123.2 628 905.17 123.2 tri1223
panel tri 637.4 915.4 121.8 637.58 912.46 123.2 637.8 909 121.8 tri1362
panel tri 637.58 912.46 123.2 636.83 909.67 123.2 637.8 909 121.8 tri1368
panel tri 636.83 909.67 123.2 630.79 907.24 123.2 637.8 909 121.8 tri1356
panel tri 630.79 907.24 123.2 627.5 907.33 123.2 637.8 909 121.8 tri1271
panel tri 627.5 907.33 123.2 627.75 906.25 122.15 637.8 909 121.8 tri1232
panel tri 627.75 906.25 122.15 628 905.17 123.2 637.8 909 121.8 tri1233
panel tri 628 905.17 123.2 633.5 907 123.2 637.8 909 121.8 tri1237
panel tri 633.5 907 123.2 636.8 907.32 123.2 637.8 909 121.8 tri1305
panel tri 636.8 907.32 123.2 640.33 907 123.2 637.8 909 121.8 tri1355
panel tri 637.8 909 121.8 640.33 907 123.2 643.19 905.79 121.8 tri1372
panel tri 637.4 915.4 121.8 637.8 909 121.8 638 912 120.4 tri1363
panel tri 638 912 120.4 637.8 909 121.8 639.6 908.8 120.4 tri1380
panel tri 637.8 909 121.8 643.19 905.79 121.8 639.6 908.8 120.4 tri1373
