panel tri 626.39 907.71 124.6 625 908.33 126 622.6 908.8 124.6 tri1220
panel tri 625 908.33 126 622.84 908.99 126 622.6 908.8 124.6 tri1201
panel tri 622.6 908.8 124.6 622.84 908.99 126 611.5 914.67 124.6 tri1163
panel tri 622.84 908.99 126 611.11 915.5 126 611.5 914.67 124.6 tri1176
panel tri 611.5 914.67 124.6 611.11 915.5 126 605.2 917 124.6 tri939
panel tri 611.11 915.5 126 604.33 917.83 126 605.2 917 124.6 tri919
panel tri 605.2 917 124.6 604.33 917.83 126 601.38 917.24 124.6 tri800
panel tri 604.39 890.75 124.6 603.89 890.78 126 611.2 892 124.6 tri782
panel tri 603.89 890.78 126 612.1 892.4 126 611.2 892 124.6 tri758
panel tri 611.2 892 124.6 612.1 892.4 126 613.41 893.05 124.6 tri927
panel tri 612.1 892.4 126 615 893.83 126 613.41 893.05 124.6 tri953
panel tri 613.41 893.05 124.6 615 893.83 126 619.6 897.4 124.6 tri987
panel tri 615 893.83 126 622.53 900.68 126 619.6 897.4 124.6 tri1020
panel tri 619.6 897.4 124.6 622.53 900.68 126 625.4 904 124.6 tri1111
panel tri 625.83 908.17 127.4 622.64 909.36 127.4 625 908.33 126 tri1206
panel tri 625 908.33 126 622.64 909.36 127.4 622.84 908.99 126 tri1200
panel tri 622.84 908.99 126 622.64 909.36 127.4 611.11 915.5 126 tri1177
panel tri 622.64 909.36 127.4 608.75 916.38 127.4 611.11 915.5 126 tri1166
panel tri 611.11 915.5 126 608.75 916.38 127.4 604.33 917.83 126 tri920
panel tri 608.75 916.38 127.4 604.12 917.38 127.4 604.33 917.83 126 tri870
panel tri 604.12 917.38 127.4 600.25 917 127.4 604.33 917.83 126 tri765
panel tri 600.83 890.17 127.4 605.08 890.5 127.4 603.89 890.78 126 tri679
panel tri 605.08 890.5 127.4 608.67 891.33 127.4 603.89 890.78 126 tri796
panel tri 603.89 890.78 126 608.67 891.33 127.4 612.1 892.4 126 tri757
panel tri 608.67 891.33 127.4 612.67 892.83 127.4 612.1 892.4 126 tri862
panel tri 612.1 892.4 126 612.67 892.83 127.4 615 893.83 126 tri952
panel tri 612.67 892.83 127.4 621 898.33 127.4 615 893.83 126 tri970
panel tri 615 893.83 126 621 898.33 127.4 622.53 900.68 126 tri1019
panel tri 621 898.33 127.4 624.17 901.67 127.4 622.53 900.68 126 tri1139
panel tri 604.12 917.38 127.4 603.5 917.17 128.8 600.25 917 127.4 tri766
panel tri 604.12 917.38 127.4 606.51 916.8 128.8 603.5 917.17 128.8 tri767
panel tri 608.75 916.38 127.4 606.51 916.8 128.8 604.12 917.38 127.4 tri871
panel tri 608.75 916.38 127.4 612.16 914.45 128.8 606.51 916.8 128.8 tri872
panel tri 622.64 909.36 127.4 612.16 914.45 128.8 608.75 916.38 127.4 tri1167
panel tri 622.64 909.36 127.4 624 908.17 128.8 612.16 914.45 128.8 tri1168
panel tri 625.83 908.17 127.4 624 908.17 128.8 622.64 909.36 127.4 tri1207
panel tri 625.83 908.17 127.4 626 906.67 128.8 624 908.17 128.8 tri1208
panel tri 624.17 901.67 127.4 618.17 897.48 128.8 626 904.83 128.8 tri1195
panel tri 621 898.33 127.4 618.17 897.48 128.8 624.17 901.67 127.4 tri1138
panel tri 621 898.33 127.4 616 895.5 128.8 618.17 897.48 128.8 tri1137
panel tri 612.67 892.83 127.4 616 895.5 128.8 621 898.33 127.4 tri969
panel tri 612.67 892.83 127.4 612.48 893.47 128.8 616 895.5 128.8 tri968
panel tri 612.67 892.83 127.4 608.5 891.83 128.8 612.48 893.47 128.8 tri967
panel tri 608.67 891.33 127.4 608.5 891.83 128.8 612.67 892.83 127.4 tri861
panel tri 605.08 890.5 127.4 608.5 891.83 128.8 608.67 891.33 127.4 tri795
panel tri 605.08 890.5 127.4 604.7 891.2 128.8 608.5 891.83 128.8 tri794
panel tri 600.83 890.17 127.4 604.7 891.2 128.8 605.08 890.5 127.4 tri678
panel tri 603.5 917.17 128.8 605.83 915.83 130.2 602.67 916.12 130.2 tri752
panel tri 606.51 916.8 128.8 605.83 915.83 130.2 603.5 917.17 128.8 tri819
panel tri 606.51 916.8 128.8 612.17 913.83 130.2 605.83 915.83 130.2 tri820
panel tri 612.16 914.45 128.8 612.17 913.83 130.2 606.51 916.8 128.8 tri954
panel tri 612.16 914.45 128.8 618.67 910.83 130.2 612.17 913.83 130.2 tri955
panel tri 624 908.17 128.8 618.67 910.83 130.2 612.16 914.45 128.8 tri1186
panel tri 624 908.17 128.8 620.33 910 130.2 618.67 910.83 130.2 tri1187
panel tri 624 908.17 128.8 622 907.33 130.2 620.33 910 130.2 tri1188
panel tri 624 908.17 128.8 622.5 905.67 130.2 622 907.33 130.2 tri1189
panel tri 626 906.67 128.8 622.5 905.67 130.2 624 908.17 128.8 tri1213
panel tri 626.33 906 128.8 622.5 905.67 130.2 626 906.67 128.8 tri1218
panel tri 626 904.83 128.8 622.5 905.67 130.2 626.33 906 128.8 tri1212
panel tri 626 904.83 128.8 621.17 903 130.2 622.5 905.67 130.2 tri1211
panel tri 618.17 897.48 128.8 621.17 903 130.2 626 904.83 128.8 tri1085
panel tri 618.17 897.48 128.8 616.67 897.33 130.2 621.17 903 130.2 tri1084
panel tri 616 895.5 128.8 616.67 897.33 130.2 618.17 897.48 128.8 tri1053
panel tri 612.48 893.47 128.8 616.67 897.33 130.2 616 895.5 128.8 tri964
panel tri 612.48 893.47 128.8 609.83 893.5 130.2 616.67 897.33 130.2 tri963
panel tri 608.5 891.83 128.8 609.83 893.5 130.2 612.48 893.47 128.8 tri854
panel tri 608.5 891.83 128.8 605.33 891.83 130.2 609.83 893.5 130.2 tri853
panel tri 604.7 891.2 128.8 605.33 891.83 130.2 608.5 891.83 128.8 tri791
panel tri 604.7 891.2 128.8 600.83 891.67 130.2 605.33 891.83 130.2 tri790
panel tri 605.83 915.83 130.2 604.68 915.19 131.6 602.67 916.12 130.2 tri808
panel tri 605.83 915.83 130.2 607.67 914.67 131.6 604.68 915.19 131.6 tri809
panel tri 612.17 913.83 130.2 607.67 914.67 131.6 605.83 915.83 130.2 tri958
panel tri 612.17 913.83 130.2 612.17 913 131.6 607.67 914.67 131.6 tri959
panel tri 612.17 913.83 130.2 615.17 911.33 131.6 612.17 913 131.6 tri960
panel tri 618.67 910.83 130.2 615.17 911.33 131.6 612.17 913.83 130.2 tri1091
panel tri 618.67 910.83 130.2 617.5 909.33 131.6 615.17 911.33 131.6 tri1092
panel tri 620.33 910 130.2 617.5 909.33 131.6 618.67 910.83 130.2 tri1132
panel tri 620.33 910 130.2 619.17 906.5 131.6 617.5 909.33 131.6 tri1133
panel tri 622 907.33 130.2 619.17 906.5 131.6 620.33 910 130.2 tri1152
panel tri 622.5 905.67 130.2 619.17 906.5 131.6 622 907.33 130.2 tri1159
panel tri 622.5 905.67 130.2 619.17 903.67 131.6 619.17 906.5 131.6 tri1158
panel tri 621.17 903 130.2 619.17 903.67 131.6 622.5 905.67 130.2 tri1140
panel tri 616.67 897.33 130.2 619.17 903.67 131.6 621.17 903 130.2 tri1065
panel tri 616.67 897.33 130.2 614 896 131.6 619.17 903.67 131.6 tri1064
panel tri 609.83 893.5 130.2 614 896 131.6 616.67 897.33 130.2 tri892
panel tri 609.83 893.5 130.2 608.67 893.83 131.6 614 896 131.6 tri891
panel tri 605.33 891.83 130.2 608.67 893.83 131.6 609.83 893.5 130.2 tri803
panel tri 605.33 891.83 130.2 603.17 892.33 131.6 608.67 893.83 131.6 tri802
panel tri 600.83 891.67 130.2 603.17 892.33 131.6 605.33 891.83 130.2 tri686
panel tri 604.68 915.19 131.6 605.67 914 133 600.17 913.67 133 tri789
panel tri 607.67 914.67 131.6 605.67 914 133 604.68 915.19 131.6 tri835
panel tri 607.67 914.67 131.6 610.5 912.83 133 605.67 914 133 tri836
panel tri 612.17 913 131.6 610.5 912.83 133 607.67 914.67 131.6 tri956
panel tri 612.17 913 131.6 613.17 911.5 133 610.5 912.83 133 tri957
panel tri 615.17 911.33 131.6 613.17 911.5 133 612.17 913 131.6 tri1025
panel tri 615.17 911.33 131.6 615.83 908.17 133 613.17 911.5 133 tri1026
panel tri 617.5 909.33 131.6 615.83 908.17 133 615.17 911.33 131.6 tri1074
panel tri 619.17 906.5 131.6 615.83 908.17 133 617.5 909.33 131.6 tri1101
panel tri 619.17 906.5 131.6 616.5 904.83 133 615.83 908.17 133 tri1102
panel tri 619.17 903.67 131.6 616.5 904.83 133 619.17 906.5 131.6 tri1100
panel tri 619.17 903.67 131.6 616 902.17 133 616.5 904.83 133 tri1099
panel tri 614 896 131.6 616 902.17 133 619.17 903.67 131.6 tri1003
panel tri 614 896 131.6 612.67 896.5 133 616 902.17 133 tri1002
panel tri 608.67 893.83 131.6 612.67 896.5 133 614 896 131.6 tri865
panel tri 608.67 893.83 131.6 608.5 894.17 133 612.67 896.5 133 tri864
panel tri 608.67 893.83 131.6 603.83 893.33 133 608.5 894.17 133 tri863
panel tri 603.17 892.33 131.6 603.83 893.33 133 608.67 893.83 131.6 tri741
panel tri 605.67 914 133 606.67 912.5 134.4 600.17 913.67 133 tri805
panel tri 610.5 912.83 133 606.67 912.5 134.4 605.67 914 133 tri906
panel tri 610.5 912.83 133 611 911 134.4 606.67 912.5 134.4 tri907
panel tri 613.17 911.5 133 611 911 134.4 610.5 912.83 133 tri983
panel tri 613.17 911.5 133 614.17 907.33 134.4 611 911 134.4 tri984
panel tri 615.83 908.17 133 614.17 907.33 134.4 613.17 911.5 133 tri1046
panel tri 615.83 908.17 133 614.91 904.84 134.4 614.17 907.33 134.4 tri1047
panel tri 616.5 904.83 133 614.91 904.84 134.4 615.83 908.17 133 tri1062
panel tri 616.5 904.83 133 615 902.33 134.4 614.91 904.84 134.4 tri1063
panel tri 616 902.17 133 615 902.33 134.4 616.5 904.83 133 tri1055
panel tri 616 902.17 133 613 898.5 134.4 615 902.33 134.4 tri1054
panel tri 612.67 896.5 133 613 898.5 134.4 616 902.17 133 tri972
panel tri 612.67 896.5 133 611.14 896.76 134.4 613 898.5 134.4 tri971
panel tri 608.5 894.17 133 611.14 896.76 134.4 612.67 896.5 133 tri857
panel tri 608.5 894.17 133 608.83 895.33 134.4 611.14 896.76 134.4 tri856
panel tri 608.5 894.17 133 606.11 894.42 134.4 608.83 895.33 134.4 tri855
panel tri 603.83 893.33 133 606.11 894.42 134.4 608.5 894.17 133 tri756
panel tri 603.83 893.33 133 603.33 894 134.4 606.11 894.42 134.4 tri755
panel tri 606.67 912.5 134.4 606 911.83 135.8 602.83 911.96 135.8 tri824
panel tri 606.67 912.5 134.4 608.41 910.83 135.8 606 911.83 135.8 tri825
panel tri 611 911 134.4 608.41 910.83 135.8 606.67 912.5 134.4 tri915
panel tri 611 911 134.4 610.33 909.33 135.8 608.41 910.83 135.8 tri916
panel tri 614.17 907.33 134.4 610.33 909.33 135.8 611 911 134.4 tri1008
panel tri 614.17 907.33 134.4 612.67 905.67 135.8 610.33 909.33 135.8 tri1009
panel tri 614.91 904.84 134.4 612.67 905.67 135.8 614.17 907.33 134.4 tri1017
panel tri 614.91 904.84 134.4 612.67 902.5 135.8 612.67 905.67 135.8 tri1016
panel tri 615 902.33 134.4 612.67 902.5 135.8 614.91 904.84 134.4 tri1021
panel tri 613 898.5 134.4 612.67 902.5 135.8 615 902.33 134.4 tri982
panel tri 613 898.5 134.4 611.5 898.83 135.8 612.67 902.5 135.8 tri981
panel tri 611.14 896.76 134.4 611.5 898.83 135.8 613 898.5 134.4 tri922
panel tri 611.14 896.76 134.4 608.33 895.83 135.8 611.5 898.83 135.8 tri921
panel tri 608.83 895.33 134.4 608.33 895.83 135.8 611.14 896.76 134.4 tri876
panel tri 606.11 894.42 134.4 608.33 895.83 135.8 608.83 895.33 134.4 tri813
panel tri 606.11 894.42 134.4 604.67 895 135.8 608.33 895.83 135.8 tri812
panel tri 603.33 894 134.4 604.67 895 135.8 606.11 894.42 134.4 tri748
panel tri 603.33 894 134.4 600.83 895.33 135.8 604.67 895 135.8 tri747
panel tri 602.83 911.96 135.8 604 910.5 137.2 601.28 910.17 137.2 tri739
panel tri 606 911.83 135.8 604 910.5 137.2 602.83 911.96 135.8 tri810
panel tri 606 911.83 135.8 608.5 909 137.2 604 910.5 137.2 tri811
panel tri 608.41 910.83 135.8 608.5 909 137.2 606 911.83 135.8 tri852
panel tri 610.33 909.33 135.8 608.5 909 137.2 608.41 910.83 135.8 tri902
panel tri 610.33 909.33 135.8 610.67 905.67 137.2 608.5 909 137.2 tri903
panel tri 612.67 905.67 135.8 610.67 905.67 137.2 610.33 909.33 135.8 tri975
panel tri 612.67 902.5 135.8 610.67 905.67 137.2 612.67 905.67 135.8 tri974
panel tri 612.67 902.5 135.8 610.33 901 137.2 610.67 905.67 137.2 tri973
panel tri 611.5 898.83 135.8 610.33 901 137.2 612.67 902.5 135.8 tri937
panel tri 611.5 898.83 135.8 607.5 897.83 137.2 610.33 901 137.2 tri936
panel tri 608.33 895.83 135.8 607.5 897.83 137.2 611.5 898.83 135.8 tri849
panel tri 604.67 895 135.8 607.5 897.83 137.2 608.33 895.83 135.8 tri787
panel tri 604.67 895 135.8 603.17 896.5 137.2 607.5 897.83 137.2 tri786
panel tri 600.83 895.33 135.8 603.17 896.5 137.2 604.67 895 135.8 tri688
panel tri 604 910.5 137.2 603.33 903.83 138.6 601.28 910.17 137.2 tri759
panel tri 608.5 909 137.2 603.33 903.83 138.6 604 910.5 137.2 tri858
panel tri 610.67 905.67 137.2 603.33 903.83 138.6 608.5 909 137.2 tri908
panel tri 610.33 901 137.2 603.33 903.83 138.6 610.67 905.67 137.2 tri901
panel tri 607.5 897.83 137.2 603.33 903.83 138.6 610.33 901 137.2 tri830
panel tri 603.17 896.5 137.2 603.33 903.83 138.6 607.5 897.83 137.2 tri744
panel tri 626.39 907.71 124.6 622.6 908.8 124.6 624.13 908.65 123.2 tri1219
panel tri 622.6 908.8 124.6 611.5 914.67 124.6 624.13 908.65 123.2 tri1162
panel tri 624.13 908.65 123.2 611.5 914.67 124.6 608.17 917 123.2 tri1194
panel tri 611.5 914.67 124.6 605.2 917 124.6 608.17 917 123.2 tri938
panel tri 608.17 917 123.2 605.2 917 124.6 605.66 917.83 123.2 tri848
panel tri 605.66 917.83 123.2 605.2 917 124.6 602.83 917.5 123.2 tri804
panel tri 605.2 917 124.6 601.38 917.24 124.6 602.83 917.5 123.2 tri799
panel tri 600.17 890.31 123.2 604.39 890.75 124.6 608.76 891.19 123.2 tri666
panel tri 604.39 890.75 124.6 611.2 892 124.6 608.76 891.19 123.2 tri783
panel tri 608.76 891.19 123.2 611.2 892 124.6 612.83 892.33 123.2 tri873
panel tri 611.2 892 124.6 613.41 893.05 124.6 612.83 892.33 123.2 tri928
panel tri 612.83 892.33 123.2 613.41 893.05 124.6 615.9 893.9 123.2 tri976
panel tri 613.41 893.05 124.6 619.6 897.4 124.6 615.9 893.9 123.2 tri988
panel tri 615.9 893.9 123.2 619.6 897.4 124.6 618.33 895.67 123.2 tri1052
panel tri 618.33 895.67 123.2 619.6 897.4 124.6 625.17 903 123.2 tri1086
panel tri 619.6 897.4 124.6 625.4 904 124.6 625.17 903 123.2 tri1112
panel tri 606.41 916.8 121.8 605.66 917.83 123.2 602.83 917.5 123.2 tri815
panel tri 606.41 916.8 121.8 608.17 917 123.2 605.66 917.83 123.2 tri816
panel tri 613.5 914.67 121.8 608.17 917 123.2 606.41 916.8 121.8 tri989
panel tri 613.5 914.67 121.8 624.13 908.65 123.2 608.17 917 123.2 tri990
panel tri 620.83 911 121.8 624.13 908.65 123.2 613.5 914.67 121.8 tri1134
panel tri 622.67 909.67 121.8 624.13 908.65 123.2 620.83 911 121.8 tri1171
panel tri 626.83 906.33 121.8 624.13 908.65 123.2 622.67 909.67 121.8 tri1226
panel tri 619.67 897.24 121.8 625.17 903 123.2 626.67 905 121.8 tri1118
panel tri 619.67 897.24 121.8 618.33 895.67 123.2 625.17 903 123.2 tri1117
panel tri 616.83 894.67 121.8 618.33 895.67 123.2 619.67 897.24 121.8 tri1070
panel tri 616.83 894.67 121.8 615.9 893.9 123.2 618.33 895.67 123.2 tri1069
panel tri 614.27 893.08 121.8 615.9 893.9 123.2 616.83 894.67 121.8 tri1011
panel tri 614.27 893.08 121.8 612.83 892.33 123.2 615.9 893.9 123.2 tri1010
panel tri 608.17 891.26 121.8 612.83 892.33 123.2 614.27 893.08 121.8 tri847
panel tri 608.17 891.26 121.8 608.76 891.19 123.2 612.83 892.33 123.2 tri846
panel tri 608.17 891.26 121.8 600.17 890.31 123.2 608.76 891.19 123.2 tri845
panel tri 600.44 890.52 121.8 600.17 890.31 123.2 608.17 891.26 121.8 tri674
panel tri 605 917.33 120.4 606.41 916.8 121.8 601.09 917.14 120.4 tri793
panel tri 608.34 916.93 120.4 606.41 916.8 121.8 605 917.33 120.4 tri850
panel tri 608.34 916.93 120.4 613.5 914.67 121.8 606.41 916.8 121.8 tri851
panel tri 614.94 914.46 120.4 613.5 914.67 121.8 608.34 916.93 120.4 tri1018
panel tri 617.83 912.83 120.4 613.5 914.67 121.8 614.94 914.46 120.4 tri1080
panel tri 617.83 912.83 120.4 620.83 911 121.8 613.5 914.67 121.8 tri1081
panel tri 620 910.83 120.4 620.83 911 121.8 617.83 912.83 120.4 tri1125
panel tri 622.33 908.5 120.4 620.83 911 121.8 620 910.83 120.4 tri1155
panel tri 622.33 908.5 120.4 622.67 909.67 121.8 620.83 911 121.8 tri1156
panel tri 622.33 908.5 120.4 626.83 906.33 121.8 622.67 909.67 121.8 tri1157
panel tri 623.67 905.5 120.4 626.83 906.33 121.8 622.33 908.5 120.4 tri1185
panel tri 623.67 905.5 120.4 626.67 905 121.8 626.83 906.33 121.8 tri1184
panel tri 623.33 902.17 120.4 626.67 905 121.8 623.67 905.5 120.4 tri1181
panel tri 623.33 902.17 120.4 619.67 897.24 121.8 626.67 905 121.8 tri1180
panel tri 622 899.67 120.4 619.67 897.24 121.8 623.33 902.17 120.4 tri1151
panel tri 616.82 894.71 120.4 619.67 897.24 121.8 622 899.67 120.4 tri1068
panel tri 616.82 894.71 120.4 616.83 894.67 121.8 619.67 897.24 121.8 tri1067
panel tri 616.82 894.71 120.4 614.27 893.08 121.8 616.83 894.67 121.8 tri1066
panel tri 614.17 892.83 120.4 614.27 893.08 121.8 616.82 894.71 120.4 tri1007
panel tri 614.17 892.83 120.4 608.17 891.26 121.8 614.27 893.08 121.8 tri1006
panel tri 607.69 891 120.4 608.17 891.26 121.8 614.17 892.83 120.4 tri841
panel tri 604.33 890.5 120.4 608.17 891.26 121.8 607.69 891 120.4 tri774
panel tri 604.33 890.5 120.4 600.44 890.52 121.8 608.17 891.26 121.8 tri773
panel tri 604 917.5 119 601.09 917.14 120.4 600.36 917.29 119 tri760
panel tri 604 917.5 119 605 917.33 120.4 601.09 917.14 120.4 tri761
panel tri 604 917.5 119 608.34 916.93 120.4 605 917.33 120.4 tri762
panel tri 610.67 916.5 119 608.34 916.93 120.4 604 917.5 119 tri909
panel tri 610.67 916.5 119 614.94 914.46 120.4 608.34 916.93 120.4 tri910
panel tri 613.5 916 119 614.94 914.46 120.4 610.67 916.5 119 tri991
panel tri 613.5 916 119 617.83 912.83 120.4 614.94 914.46 120.4 tri992
panel tri 619.83 912 119 617.83 912.83 120.4 613.5 916 119 tri1123
panel tri 619.83 912 119 620 910.83 120.4 617.83 912.83 120.4 tri1124
panel tri 621.64 909.49 119 620 910.83 120.4 619.83 912 119 tri1144
panel tri 621.64 909.49 119 622.33 908.5 120.4 620 910.83 120.4 tri1145
panel tri 622.67 907 119 622.33 908.5 120.4 621.64 909.49 119 tri1169
panel tri 622.67 907 119 623.67 905.5 120.4 622.33 908.5 120.4 tri1170
panel tri 622.83 903.17 119 623.67 905.5 120.4 622.67 907 119 tri1175
panel tri 622.83 903.17 119 623.33 902.17 120.4 623.67 905.5 120.4 tri1174
panel tri 621.67 899.17 119 623.33 902.17 120.4 622.83 903.17 119 tri1148
panel tri 621.67 899.17 119 622 899.67 120.4 623.33 902.17 120.4 tri1147
panel tri 621.67 899.17 119 616.82 894.71 120.4 622 899.67 120.4 tri1146
panel tri 615.28 893.62 119 616.82 894.71 120.4 621.67 899.17 119 tri1033
panel tri 615.28 893.62 119 614.17 892.83 120.4 616.82 894.71 120.4 tri1032
panel tri 611.33 891.5 119 614.17 892.83 120.4 615.28 893.62 119 tri930
panel tri 611.33 891.5 119 607.69 891 120.4 614.17 892.83 120.4 tri929
panel tri 604.27 890.39 119 607.69 891 120.4 611.33 891.5 119 tri772
panel tri 604.27 890.39 119 604.33 890.5 120.4 607.69 891 120.4 tri771
panel tri 600.83 890.33 119 604.33 890.5 120.4 604.27 890.39 119 tri681
panel tri 600.5 918 117.6 604 917.5 119 600.36 917.29 119 tri676
panel tri 604.25 918.43 117.6 604 917.5 119 600.5 918 117.6 tri770
panel tri 607.67 918.17 117.6 604 917.5 119 604.25 918.43 117.6 tri837
panel tri 607.67 918.17 117.6 610.67 916.5 119 604 917.5 119 tri838
panel tri 612.83 916.33 117.6 610.67 916.5 119 607.67 918.17 117.6 tri977
panel tri 612.83 916.33 117.6 613.5 916 119 610.67 916.5 119 tri978
panel tri 615.83 914.67 117.6 613.5 916 119 612.83 916.33 117.6 tri1048
panel tri 615.83 914.67 117.6 619.83 912 119 613.5 916 119 tri1049
panel tri 619.83 911.33 117.6 619.83 912 119 615.83 914.67 117.6 tri1121
panel tri 619.83 911.33 117.6 621.64 909.49 119 619.83 912 119 tri1122
panel tri 621.5 907.5 117.6 621.64 909.49 119 619.83 911.33 117.6 tri1141
panel tri 621.5 907.5 117.6 622.67 907 119 621.64 909.49 119 tri1142
panel tri 621.5 907.5 117.6 622.83 903.17 119 622.67 907 119 tri1143
panel tri 621.67 901.83 117.6 622.83 903.17 119 621.5 907.5 117.6 tri1150
panel tri 621.67 901.83 117.6 621.67 899.17 119 622.83 903.17 119 tri1149
panel tri 619.83 897.5 117.6 621.67 899.17 119 621.67 901.83 117.6 tri1120
panel tri 619.83 897.5 117.6 615.28 893.62 119 621.67 899.17 119 tri1119
panel tri 615.33 894.67 117.6 615.28 893.62 119 619.83 897.5 117.6 tri1035
panel tri 615.33 894.67 117.6 611.33 891.5 119 615.28 893.62 119 tri1034
panel tri 609.33 891.83 117.6 611.33 891.5 119 615.33 894.67 117.6 tri881
panel tri 609.33 891.83 117.6 604.27 890.39 119 611.33 891.5 119 tri880
panel tri 605.27 891.02 117.6 604.27 890.39 119 609.33 891.83 117.6 tri801
panel tri 600.83 890.83 117.6 604.27 890.39 119 605.27 891.02 117.6 tri684
panel tri 600.83 890.83 117.6 600.83 890.33 119 604.27 890.39 119 tri683
panel tri 601.33 917.79 116.2 604.25 918.43 117.6 600.5 918 117.6 tri714
panel tri 605.17 918.17 116.2 604.25 918.43 117.6 601.33 917.79 116.2 tri797
panel tri 605.17 918.17 116.2 607.67 918.17 117.6 604.25 918.43 117.6 tri798
panel tri 611.33 916.67 116.2 607.67 918.17 117.6 605.17 918.17 116.2 tri934
panel tri 611.33 916.67 116.2 612.83 916.33 117.6 607.67 918.17 117.6 tri935
panel tri 614 915.33 116.2 612.83 916.33 117.6 611.33 916.67 116.2 tri1004
panel tri 614 915.33 116.2 615.83 914.67 117.6 612.83 916.33 117.6 tri1005
panel tri 616.17 914.17 116.2 615.83 914.67 117.6 614 915.33 116.2 tri1058
panel tri 616.17 914.17 116.2 619.83 911.33 117.6 615.83 914.67 117.6 tri1059
panel tri 619.33 909.83 116.2 619.83 911.33 117.6 616.17 914.17 116.2 tri1107
panel tri 619.33 909.83 116.2 621.5 907.5 117.6 619.83 911.33 117.6 tri1108
panel tri 620.17 905.5 116.2 621.5 907.5 117.6 619.33 909.83 116.2 tri1128
panel tri 620.17 905.5 116.2 621.67 901.83 117.6 621.5 907.5 117.6 tri1129
panel tri 619.33 900.17 116.2 621.67 901.83 117.6 620.17 905.5 116.2 tri1106
panel tri 619.33 900.17 116.2 619.83 897.5 117.6 621.67 901.83 117.6 tri1105
panel tri 616.33 896.33 116.2 619.83 897.5 117.6 619.33 900.17 116.2 tri1061
panel tri 616.33 896.33 116.2 615.33 894.67 117.6 619.83 897.5 117.6 tri1060
panel tri 613.6 894.6 116.2 615.33 894.67 117.6 616.33 896.33 116.2 tri994
panel tri 613.6 894.6 116.2 609.33 891.83 117.6 615.33 894.67 117.6 tri993
panel tri 610.17 893.17 116.2 609.33 891.83 117.6 613.6 894.6 116.2 tri896
panel tri 610.17 893.17 116.2 605.27 891.02 117.6 609.33 891.83 117.6 tri895
panel tri 601.5 891.67 116.2 605.27 891.02 117.6 610.17 893.17 116.2 tri723
panel tri 601.5 891.67 116.2 600.83 890.83 117.6 605.27 891.02 117.6 tri722
panel tri 603.67 918.83 114.8 605.17 918.17 116.2 601.33 917.79 116.2 tri754
panel tri 611 917.83 114.8 605.17 918.17 116.2 603.67 918.83 114.8 tri917
panel tri 611 917.83 114.8 611.33 916.67 116.2 605.17 918.17 116.2 tri918
panel tri 613.33 916.33 114.8 611.33 916.67 116.2 611 917.83 114.8 tri985
panel tri 613.33 916.33 114.8 614 915.33 116.2 611.33 916.67 116.2 tri986
panel tri 615 915.33 114.8 614 915.33 116.2 613.33 916.33 114.8 tri1022
panel tri 615 915.33 114.8 616.17 914.17 116.2 614 915.33 116.2 tri1023
panel tri 618 912 114.8 616.17 914.17 116.2 615 915.33 114.8 tri1082
panel tri 618 912 114.8 619.33 909.83 116.2 616.17 914.17 116.2 tri1083
panel tri 619.5 907.5 114.8 619.33 909.83 116.2 618 912 114.8 tri1109
panel tri 619.5 907.5 114.8 620.17 905.5 116.2 619.33 909.83 116.2 tri1110
panel tri 618.83 901.5 114.8 620.17 905.5 116.2 619.5 907.5 114.8 tri1098
panel tri 618.83 901.5 114.8 619.33 900.17 116.2 620.17 905.5 116.2 tri1097
panel tri 615.5 896.33 114.8 619.33 900.17 116.2 618.83 901.5 114.8 tri1038
panel tri 615.5 896.33 114.8 616.33 896.33 116.2 619.33 900.17 116.2 tri1037
panel tri 615.5 896.33 114.8 613.6 894.6 116.2 616.33 896.33 116.2 tri1036
panel tri 610.83 893.17 114.8 613.6 894.6 116.2 615.5 896.33 114.8 tri912
panel tri 610.83 893.17 114.8 610.17 893.17 116.2 613.6 894.6 116.2 tri911
panel tri 601.17 891.5 114.8 610.17 893.17 116.2 610.83 893.17 114.8 tri693
panel tri 601.17 891.5 114.8 601.5 891.67 116.2 610.17 893.17 116.2 tri692
panel tri 608.67 918 113.4 603.67 918.83 114.8 602.4 918.2 113.4 tri868
panel tri 608.67 918 113.4 611 917.83 114.8 603.67 918.83 114.8 tri869
panel tri 611.5 917 113.4 611 917.83 114.8 608.67 918 113.4 tri940
panel tri 611.5 917 113.4 613.33 916.33 114.8 611 917.83 114.8 tri941
panel tri 615.17 914.67 113.4 613.33 916.33 114.8 611.5 917 113.4 tri1027
panel tri 615.17 914.67 113.4 615 915.33 114.8 613.33 916.33 114.8 tri1028
panel tri 615.17 914.67 113.4 618 912 114.8 615 915.33 114.8 tri1029
panel tri 617.83 909.83 113.4 618 912 114.8 615.17 914.67 113.4 tri1078
panel tri 617.83 909.83 113.4 619.5 907.5 114.8 618 912 114.8 tri1079
panel tri 618.33 906 113.4 619.5 907.5 114.8 617.83 909.83 113.4 tri1088
panel tri 618.33 906 113.4 618.83 901.5 114.8 619.5 907.5 114.8 tri1087
panel tri 617.33 901.17 113.4 618.83 901.5 114.8 618.33 906 113.4 tri1073
panel tri 615.5 897.67 113.4 618.83 901.5 114.8 617.33 901.17 113.4 tri1040
panel tri 615.5 897.67 113.4 615.5 896.33 114.8 618.83 901.5 114.8 tri1039
panel tri 611 894.5 113.4 615.5 896.33 114.8 615.5 897.67 113.4 tri914
panel tri 611 894.5 113.4 610.83 893.17 114.8 615.5 896.33 114.8 tri913
panel tri 602.83 892 113.4 610.83 893.17 114.8 611 894.5 113.4 tri737
panel tri 602.83 892 113.4 601.17 891.5 114.8 610.83 893.17 114.8 tri736
panel tri 603.33 917.83 112 608.67 918 113.4 602.4 918.2 113.4 tri750
panel tri 608 917.33 112 608.67 918 113.4 603.33 917.83 112 tri844
panel tri 610.33 916.17 112 608.67 918 113.4 608 917.33 112 tri904
panel tri 610.33 916.17 112 611.5 917 113.4 608.67 918 113.4 tri905
panel tri 612.17 915 112 611.5 917 113.4 610.33 916.17 112 tri961
panel tri 612.17 915 112 615.17 914.67 113.4 611.5 917 113.4 tri962
panel tri 614.67 911.5 112 615.17 914.67 113.4 612.17 915 112 tri1014
panel tri 614.67 911.5 112 617.83 909.83 113.4 615.17 914.67 113.4 tri1015
panel tri 616.17 906.67 112 617.83 909.83 113.4 614.67 911.5 112 tri1056
panel tri 616.17 906.67 112 618.33 906 113.4 617.83 909.83 113.4 tri1057
panel tri 615.67 902.17 112 618.33 906 113.4 616.17 906.67 112 tri1043
panel tri 615.67 902.17 112 617.33 901.17 113.4 618.33 906 113.4 tri1042
panel tri 615.67 902.17 112 615.5 897.67 113.4 617.33 901.17 113.4 tri1041
panel tri 613 897.67 112 615.5 897.67 113.4 615.67 902.17 112 tri980
panel tri 613 897.67 112 611 894.5 113.4 615.5 897.67 113.4 tri979
panel tri 608.67 894.5 112 611 894.5 113.4 613 897.67 112 tri867
panel tri 608.67 894.5 112 602.83 892 113.4 611 894.5 113.4 tri866
panel tri 601.5 892.5 112 602.83 892 113.4 608.67 894.5 112 tri725
panel tri 606.83 916.17 110.6 603.33 917.83 112 602.33 916.33 110.6 tri826
panel tri 606.83 916.17 110.6 608 917.33 112 603.33 917.83 112 tri827
panel tri 609.33 915.17 110.6 608 917.33 112 606.83 916.17 110.6 tri882
panel tri 609.33 915.17 110.6 610.33 916.17 112 608 917.33 112 tri883
panel tri 609.33 915.17 110.6 612.17 915 112 610.33 916.17 112 tri884
panel tri 613.67 910.17 110.6 612.17 915 112 609.33 915.17 110.6 tri995
panel tri 613.67 910.17 110.6 614.67 911.5 112 612.17 915 112 tri996
panel tri 613.67 910.17 110.6 616.17 906.67 112 614.67 911.5 112 tri997
panel tri 614.5 906.5 110.6 616.17 906.67 112 613.67 910.17 110.6 tri1013
panel tri 614.5 906.5 110.6 615.67 902.17 112 616.17 906.67 112 tri1012
panel tri 613.83 901 110.6 615.67 902.17 112 614.5 906.5 110.6 tri1001
panel tri 613.83 901 110.6 613 897.67 112 615.67 902.17 112 tri1000
panel tri 610.33 896.5 110.6 613 897.67 112 613.83 901 110.6 tri900
panel tri 610.33 896.5 110.6 608.67 894.5 112 613 897.67 112 tri899
panel tri 603.17 893.67 110.6 608.67 894.5 112 610.33 896.5 110.6 tri743
panel tri 603.17 893.67 110.6 601.5 892.5 112 608.67 894.5 112 tri742
panel tri 604.33 914.33 109.2 606.83 916.17 110.6 602.33 916.33 110.6 tri779
panel tri 608 913 109.2 606.83 916.17 110.6 604.33 914.33 109.2 tri842
panel tri 608 913 109.2 609.33 915.17 110.6 606.83 916.17 110.6 tri843
panel tri 611.33 909.83 109.2 609.33 915.17 110.6 608 913 109.2 tri931
panel tri 611.33 909.83 109.2 613.67 910.17 110.6 609.33 915.17 110.6 tri932
panel tri 611.33 909.83 109.2 614.5 906.5 110.6 613.67 910.17 110.6 tri933
panel tri 612.5 905.5 109.2 614.5 906.5 110.6 611.33 909.83 109.2 tri966
panel tri 612.5 905.5 109.2 613.83 901 110.6 614.5 906.5 110.6 tri965
panel tri 612 900.67 109.2 613.83 901 110.6 612.5 905.5 109.2 tri951
panel tri 612 900.67 109.2 610.33 896.5 110.6 613.83 901 110.6 tri950
panel tri 608.83 897.33 109.2 610.33 896.5 110.6 612 900.67 109.2 tri877
panel tri 604.17 895.83 109.2 610.33 896.5 110.6 608.83 897.33 109.2 tri769
panel tri 604.17 895.83 109.2 603.17 893.67 110.6 610.33 896.5 110.6 tri768
panel tri 604.5 912.33 107.8 604.33 914.33 109.2 603.17 912.83 107.8 tri784
panel tri 604.5 912.33 107.8 608 913 109.2 604.33 914.33 109.2 tri785
panel tri 607.67 910 107.8 608 913 109.2 604.5 912.33 107.8 tri833
panel tri 607.67 910 107.8 611.33 909.83 109.2 608 913 109.2 tri834
panel tri 609.5 906.5 107.8 611.33 909.83 109.2 607.67 910 107.8 tri889
panel tri 609.5 906.5 107.8 612.5 905.5 109.2 611.33 909.83 109.2 tri890
panel tri 609.5 903 107.8 612.5 905.5 109.2 609.5 906.5 107.8 tri888
panel tri 609.5 903 107.8 612 900.67 109.2 612.5 905.5 109.2 tri887
panel tri 607.5 899.83 107.8 612 900.67 109.2 609.5 903 107.8 tri832
panel tri 607.5 899.83 107.8 608.83 897.33 109.2 612 900.67 109.2 tri831
panel tri 604.33 897.83 107.8 608.83 897.33 109.2 607.5 899.83 107.8 tri777
panel tri 604.33 897.83 107.8 604.17 895.83 109.2 608.83 897.33 109.2 tri776
panel tri 601.33 906 106.4 604.5 912.33 107.8 603.17 912.83 107.8 tri708
panel tri 601.33 906 106.4 607.67 910 107.8 604.5 912.33 107.8 tri710
panel tri 601.33 906 106.4 609.5 906.5 107.8 607.67 910 107.8 tri712
panel tri 601.33 906 106.4 609.5 903 107.8 609.5 906.5 107.8 tri711
panel tri 601.33 906 106.4 607.5 899.83 107.8 609.5 903 107.8 tri709
panel tri 601.33 906 106.4 604.33 897.83 107.8 607.5 899.83 107.8 tri707
