panel tri 631 935 124.6 630.31 934.12 126 636.03 925.7 124.6 tri1275
panel tri 630.31 934.12 126 635.45 923.38 126 636.03 925.7 124.6 tri1267
panel tri 636.03 925.7 124.6 635.45 923.38 126 639.9 914.82 124.6 tri1336
panel tri 635.45 923.38 126 638.17 915.17 126 639.9 914.82 124.6 tri1317
panel tri 639.9 914.82 124.6 638.17 915.17 126 639.5 912.5 124.6 tri1413
panel tri 639.89 906.42 126 643.33 905.17 126 642.04 905.54 124.6 tri1412
panel tri 643.33 905.17 126 646.83 903.11 126 642.04 905.54 124.6 tri1465
panel tri 642.04 905.54 124.6 646.83 903.11 126 649.93 900.75 124.6 tri1448
panel tri 630.31 934.12 126 631.19 930.43 127.4 635.45 923.38 126 tri1266
panel tri 631.19 930.43 127.4 635.65 920.52 127.4 635.45 923.38 126 tri1280
panel tri 635.45 923.38 126 635.65 920.52 127.4 638.17 915.17 126 tri1316
panel tri 635.65 920.52 127.4 637.33 914.67 127.4 638.17 915.17 126 tri1319
panel tri 639.89 906.42 126 641.17 906.17 127.4 643.33 905.17 126 tri1411
panel tri 641.17 906.17 127.4 644.88 904.41 127.4 643.33 905.17 126 tri1432
panel tri 643.33 905.17 126 644.88 904.41 127.4 646.83 903.11 126 tri1464
panel tri 631.19 930.43 127.4 631.75 930.44 128.8 635.65 920.52 127.4 tri1279
panel tri 631.75 930.44 128.8 635.79 920.52 128.8 635.65 920.52 127.4 tri1287
panel tri 635.79 920.52 128.8 636.75 914.75 128.8 635.65 920.52 127.4 tri1328
panel tri 635.65 920.52 127.4 636.75 914.75 128.8 637.33 914.67 127.4 tri1318
panel tri 641.17 906.17 127.4 643.73 905.17 128.8 644.88 904.41 127.4 tri1431
panel tri 643.73 905.17 128.8 647.5 902.5 128.8 644.88 904.41 127.4 tri1468
panel tri 630.08 934.98 130.2 634.35 927.99 130.2 631.75 930.44 128.8 tri1263
panel tri 634.35 927.99 130.2 635.84 924.2 130.2 631.75 930.44 128.8 tri1310
panel tri 631.75 930.44 128.8 635.84 924.2 130.2 635.79 920.52 128.8 tri1288
panel tri 635.84 924.2 130.2 639 912.25 130.2 635.79 920.52 128.8 tri1331
panel tri 635.79 920.52 128.8 639 912.25 130.2 636.75 914.75 128.8 tri1329
panel tri 640.75 908.75 130.2 647.5 903.75 130.2 643.73 905.17 128.8 tri1428
panel tri 643.73 905.17 128.8 647.5 903.75 130.2 647.5 902.5 128.8 tri1469
panel tri 630.08 934.98 130.2 632.19 932.21 131.6 634.35 927.99 130.2 tri1262
panel tri 632.19 932.21 131.6 636.74 924.11 131.6 634.35 927.99 130.2 tri1294
panel tri 634.35 927.99 130.2 636.74 924.11 131.6 635.84 924.2 130.2 tri1311
panel tri 635.84 924.2 130.2 636.74 924.11 131.6 639 912.25 130.2 tri1330
panel tri 636.74 924.11 131.6 641.25 913.25 131.6 639 912.25 130.2 tri1350
panel tri 639 912.25 130.2 641.25 913.25 131.6 640.75 908.75 130.2 tri1400
panel tri 641.25 913.25 131.6 646.75 907.5 131.6 640.75 908.75 130.2 tri1436
panel tri 640.75 908.75 130.2 646.75 907.5 131.6 647.5 903.75 130.2 tri1427
panel tri 646.75 907.5 131.6 654.19 897.32 131.6 647.5 903.75 130.2 tri1516
panel tri 632.19 932.21 131.6 631.36 935.93 133 636.74 924.11 131.6 tri1293
panel tri 631.36 935.93 133 641.53 918.19 133 636.74 924.11 131.6 tri1286
panel tri 636.74 924.11 131.6 641.53 918.19 133 641.25 913.25 131.6 tri1351
panel tri 641.53 918.19 133 645.83 911.57 133 641.25 913.25 131.6 tri1440
panel tri 641.25 913.25 131.6 645.83 911.57 133 646.75 907.5 131.6 tri1435
panel tri 645.83 911.57 133 651 904.25 133 646.75 907.5 131.6 tri1499
panel tri 646.75 907.5 131.6 651 904.25 133 654.19 897.32 131.6 tri1515
panel tri 631.36 935.93 133 636.1 930.18 134.4 641.53 918.19 133 tri1285
panel tri 636.1 930.18 134.4 645.25 913.25 134.4 641.53 918.19 133 tri1339
panel tri 641.53 918.19 133 645.25 913.25 134.4 645.83 911.57 133 tri1439
panel tri 645.25 913.25 134.4 650.55 905.69 134.4 645.83 911.57 133 tri1491
panel tri 645.83 911.57 133 650.55 905.69 134.4 651 904.25 133 tri1498
panel tri 628.7 939.61 135.8 643 919.25 135.8 636.1 930.18 134.4 tri1243
panel tri 636.1 930.18 134.4 643 919.25 135.8 645.25 913.25 134.4 tri1338
panel tri 645.25 913.25 134.4 643 919.25 135.8 650.55 905.69 134.4 tri1490
panel tri 643 919.25 135.8 656.65 893.64 135.8 650.55 905.69 134.4 tri1455
panel tri 633 936.25 137.2 640.4 924.02 137.2 628.7 939.61 135.8 tri1299
panel tri 628.7 939.61 135.8 640.4 924.02 137.2 643 919.25 135.8 tri1242
panel tri 640.4 924.02 137.2 655.98 892.22 137.2 643 919.25 135.8 tri1420
panel tri 643 919.25 135.8 655.98 892.22 137.2 656.65 893.64 135.8 tri1454
panel tri 630.71 938.4 138.6 638.52 927.33 138.6 633 936.25 137.2 tri1270
panel tri 633 936.25 137.2 638.52 927.33 138.6 640.4 924.02 137.2 tri1298
panel tri 638.52 927.33 138.6 653.75 893.25 138.6 640.4 924.02 137.2 tri1392
panel tri 640.4 924.02 137.2 653.75 893.25 138.6 655.98 892.22 137.2 tri1419
panel tri 631 935 124.6 636.03 925.7 124.6 628.83 935.75 123.2 tri1276
panel tri 628.83 935.75 123.2 636.03 925.7 124.6 636 920.67 123.2 tri1247
panel tri 636.03 925.7 124.6 639.9 914.82 124.6 636 920.67 123.2 tri1337
panel tri 636 920.67 123.2 639.9 914.82 124.6 637.67 915.67 123.2 tri1333
panel tri 637.67 915.67 123.2 639.9 914.82 124.6 637.58 912.46 123.2 tri1371
panel tri 639.9 914.82 124.6 639.5 912.5 124.6 637.58 912.46 123.2 tri1414
panel tri 640.33 907 123.2 642.04 905.54 124.6 643.79 905.84 123.2 tri1417
panel tri 643.79 905.84 123.2 642.04 905.54 124.6 647.67 903.67 123.2 tri1470
panel tri 642.04 905.54 124.6 649.93 900.75 124.6 647.67 903.67 123.2 tri1449
panel tri 626.47 939.27 121.8 628.83 935.75 123.2 634 925.6 121.8 tri1221
panel tri 628.83 935.75 123.2 636 920.67 123.2 634 925.6 121.8 tri1246
panel tri 634 925.6 121.8 636 920.67 123.2 637.4 915.4 121.8 tri1308
panel tri 636 920.67 123.2 637.67 915.67 123.2 637.4 915.4 121.8 tri1332
panel tri 637.67 915.67 123.2 637.58 912.46 123.2 637.4 915.4 121.8 tri1370
panel tri 640.33 907 123.2 643.79 905.84 123.2 643.19 905.79 121.8 tri1418
panel tri 643.79 905.84 123.2 647.67 903.67 123.2 643.19 905.79 121.8 tri1471
panel tri 643.19 905.79 121.8 647.67 903.67 123.2 649.8 901.6 121.8 tri1462
panel tri 626.47 939.27 121.8 634 925.6 121.8 631.2 931.71 120.4 tri1222
panel tri 631.2 931.71 120.4 634 925.6 121.8 636 921.2 120.4 tri1281
panel tri 634 925.6 121.8 637.4 915.4 121.8 636 921.2 120.4 tri1309
panel tri 636 921.2 120.4 637.4 915.4 121.8 638 912 120.4 tri1334
panel tri 639.6 908.8 120.4 643.19 905.79 121.8 648.69 902.56 120.4 tri1409
panel tri 643.19 905.79 121.8 649.8 901.6 121.8 648.69 902.56 120.4 tri1463
panel tri 631.35 932.22 119 631.2 931.71 120.4 636.3 922.67 119 tri1283
panel tri 631.2 931.71 120.4 636 921.2 120.4 636.3 922.67 119 tri1282
panel tri 636.3 922.67 119 636 921.2 120.4 639 913.33 119 tri1344
panel tri 636 921.2 120.4 638 912 120.4 639 913.33 119 tri1335
panel tri 639 913.33 119 638 912 120.4 641.46 910.21 119 tri1401
panel tri 638 912 120.4 639.6 908.8 120.4 641.46 910.21 119 tri1381
panel tri 639.6 908.8 120.4 648.69 902.56 120.4 641.46 910.21 119 tri1410
panel tri 641.46 910.21 119 648.69 902.56 120.4 654.38 898.24 119 tri1437
panel tri 631.35 932.22 119 636.3 922.67 119 630.28 931.92 117.6 tri1284
panel tri 630.28 931.92 117.6 636.3 922.67 119 638.33 917.33 117.6 tri1264
panel tri 636.3 922.67 119 639 913.33 119 638.33 917.33 117.6 tri1345
panel tri 639 913.33 119 641.46 910.21 119 638.33 917.33 117.6 tri1402
panel tri 638.33 917.33 117.6 641.46 910.21 119 646.43 905.1 117.6 tri1388
panel tri 641.46 910.21 119 654.38 898.24 119 646.43 905.1 117.6 tri1438
panel tri 646.43 905.1 117.6 654.38 898.24 119 655.91 892.22 117.6 tri1509
panel tri 628.35 935.78 116.2 630.28 931.92 117.6 636.94 920.21 116.2 tri1238
panel tri 630.28 931.92 117.6 638.33 917.33 117.6 636.94 920.21 116.2 tri1265
panel tri 638.33 917.33 117.6 646.43 905.1 117.6 636.94 920.21 116.2 tri1389
panel tri 636.94 920.21 116.2 646.43 905.1 117.6 651 898.67 116.2 tri1358
panel tri 646.43 905.1 117.6 655.91 892.22 117.6 651 898.67 116.2 tri1510
panel tri 625.96 938.33 114.8 628.35 935.78 116.2 639.3 919.06 114.8 tri1209
panel tri 628.35 935.78 116.2 636.94 920.21 116.2 639.3 919.06 114.8 tri1239
panel tri 639.3 919.06 114.8 636.94 920.21 116.2 650.07 900.16 114.8 tri1405
panel tri 636.94 920.21 116.2 651 898.67 116.2 650.07 900.16 114.8 tri1359
panel tri 625.96 938.33 114.8 639.3 919.06 114.8 633.17 932.32 113.4 tri1210
panel tri 633.17 932.32 113.4 639.3 919.06 114.8 641.66 920.1 113.4 tri1302
panel tri 641.66 920.1 113.4 639.3 919.06 114.8 650.06 904.07 113.4 tri1443
panel tri 639.3 919.06 114.8 650.07 900.16 114.8 650.06 904.07 113.4 tri1406
panel tri 631.76 935.16 112 633.17 932.32 113.4 640.13 923.32 112 tri1289
panel tri 633.17 932.32 113.4 641.66 920.1 113.4 640.13 923.32 112 tri1303
panel tri 640.13 923.32 112 641.66 920.1 113.4 649.48 906.86 112 tri1415
panel tri 641.66 920.1 113.4 650.06 904.07 113.4 649.48 906.86 112 tri1444
panel tri 649.48 906.86 112 650.06 904.07 113.4 654.64 894.6 112 tri1560
panel tri 630.53 936.52 110.6 631.76 935.16 112 640.79 921.91 110.6 tri1268
panel tri 631.76 935.16 112 640.13 923.32 112 640.79 921.91 110.6 tri1290
panel tri 640.13 923.32 112 649.48 906.86 112 640.79 921.91 110.6 tri1416
panel tri 640.79 921.91 110.6 649.48 906.86 112 649.65 906.58 110.6 tri1429
panel tri 649.48 906.86 112 654.64 894.6 112 649.65 906.58 110.6 tri1561
panel tri 649.65 906.58 110.6 654.64 894.6 112 654.97 894.56 110.6 tri1562
panel tri 626.17 942.64 109.2 630.53 936.52 110.6 638.3 927.34 109.2 tri1214
panel tri 630.53 936.52 110.6 640.79 921.91 110.6 638.3 927.34 109.2 tri1269
panel tri 638.3 927.34 109.2 640.79 921.91 110.6 645.78 915.29 109.2 tri1386
panel tri 640.79 921.91 110.6 649.65 906.58 110.6 645.78 915.29 109.2 tri1430
panel tri 645.78 915.29 109.2 649.65 906.58 110.6 651.64 902.04 109.2 tri1496
panel tri 649.65 906.58 110.6 654.97 894.56 110.6 651.64 902.04 109.2 tri1563
panel tri 626.17 942.64 109.2 638.3 927.34 109.2 635.11 930.98 107.8 tri1215
panel tri 635.11 930.98 107.8 638.3 927.34 109.2 644.75 915.01 107.8 tri1314
panel tri 638.3 927.34 109.2 645.78 915.29 109.2 644.75 915.01 107.8 tri1387
panel tri 644.75 915.01 107.8 645.78 915.29 109.2 650.67 902.67 107.8 tri1480
panel tri 645.78 915.29 109.2 651.64 902.04 109.2 650.67 902.67 107.8 tri1497
panel tri 627.75 940.53 106.4 635.11 930.98 107.8 638.37 925.24 106.4 tri1234
panel tri 635.11 930.98 107.8 644.75 915.01 107.8 638.37 925.24 106.4 tri1315
panel tri 638.37 925.24 106.4 644.75 915.01 107.8 644.54 914.08 106.4 tri1391
panel tri 644.75 915.01 107.8 650.67 902.67 107.8 644.54 914.08 106.4 tri1481
panel tri 644.54 914.08 106.4 650.67 902.67 107.8 651.14 898.4 106.4 tri1476
panel tri 627.75 940.53 106.4 638.37 925.24 106.4 635.77 931.52 105 tri1235
panel tri 635.77 931.52 105 638.37 925.24 106.4 643.05 919.8 105 tri1326
panel tri 638.37 925.24 106.4 644.54 914.08 106.4 643.05 919.8 105 tri1390
panel tri 643.05 919.8 105 644.54 914.08 106.4 649.12 907.59 105 tri1458
panel tri 644.54 914.08 106.4 651.14 898.4 106.4 649.12 907.59 105 tri1477
panel tri 649.12 907.59 105 651.14 898.4 106.4 654 894.67 105 tri1558
panel tri 629.18 940.64 103.6 635.77 931.52 105 642.15 921.4 103.6 tri1251
panel tri 635.77 931.52 105 643.05 919.8 105 642.15 921.4 103.6 tri1327
panel tri 642.15 921.4 103.6 643.05 919.8 105 648.33 909.33 103.6 tri1450
panel tri 643.05 919.8 105 649.12 907.59 105 648.33 909.33 103.6 tri1459
panel tri 648.33 909.33 103.6 649.12 907.59 105 652.9 895.98 103.6 tri1544
panel tri 649.12 907.59 105 654 894.67 105 652.9 895.98 103.6 tri1559
panel tri 631.14 936.72 102.2 629.18 940.64 103.6 638.67 925.15 102.2 tri1277
panel tri 629.18 940.64 103.6 642.15 921.4 103.6 638.67 925.15 102.2 tri1252
panel tri 638.67 925.15 102.2 642.15 921.4 103.6 644.83 913.52 102.2 tri1393
panel tri 642.15 921.4 103.6 648.33 909.33 103.6 644.83 913.52 102.2 tri1451
panel tri 644.83 913.52 102.2 648.33 909.33 103.6 651.67 897 102.2 tri1482
panel tri 648.33 909.33 103.6 652.9 895.98 103.6 651.67 897 102.2 tri1545
panel tri 631.14 936.72 102.2 638.67 925.15 102.2 632.55 935.34 100.8 tri1278
panel tri 632.55 935.34 100.8 638.67 925.15 102.2 641.73 917.79 100.8 tri1297
panel tri 638.67 925.15 102.2 644.83 913.52 102.2 641.73 917.79 100.8 tri1394
panel tri 641.73 917.79 100.8 644.83 913.52 102.2 652.4 893.64 100.8 tri1447
panel tri 644.83 913.52 102.2 651.67 897 102.2 652.4 893.64 100.8 tri1483
