# Smoldyn surface data file automatically generated by wrl2smol
# input file: done, output file: ellipse.txt

max_panels tri 480

panel tri  0 0 10  1.8024 0.746578 9.80785  1.9509 0 9.80785  tri1
panel tri  0 0 10  1.9509 0 9.80785  1.8024 -0.746578 9.80785  tri2
panel tri  0 0 10  1.3795 1.3795 9.80785  1.8024 0.746578 9.80785  tri3
panel tri  0 0 10  0.746578 1.8024 9.80785  1.3795 1.3795 9.80785  tri4
panel tri  0 0 10  0 1.9509 9.80785  0.746578 1.8024 9.80785  tri5
panel tri  0 0 10  -0.746578 1.8024 9.80785  0 1.9509 9.80785  tri6
panel tri  0 0 10  -1.3795 1.3795 9.80785  -0.746578 1.8024 9.80785  tri7
panel tri  0 0 10  -1.8024 0.746578 9.80785  -1.3795 1.3795 9.80785  tri8
panel tri  0 0 10  -1.9509 0 9.80785  -1.8024 0.746578 9.80785  tri9
panel tri  0 0 10  -1.8024 -0.746578 9.80785  -1.9509 0 9.80785  tri10
panel tri  0 0 10  -1.3795 -1.3795 9.80785  -1.8024 -0.746578 9.80785  tri11
panel tri  0 0 10  -0.746578 -1.8024 9.80785  -1.3795 -1.3795 9.80785  tri12
panel tri  0 0 10  0 -1.9509 9.80785  -0.746578 -1.8024 9.80785  tri13
panel tri  0 0 10  0.746578 -1.8024 9.80785  0 -1.9509 9.80785  tri14
panel tri  0 0 10  1.3795 -1.3795 9.80785  0.746578 -1.8024 9.80785  tri15
panel tri  0 0 10  1.8024 -0.746578 9.80785  1.3795 -1.3795 9.80785  tri16
panel tri  1.9509 0 9.80785  1.8024 0.746578 9.80785  3.82683 0 9.2388  tri17
panel tri  1.9509 0 9.80785  3.53553 -1.46447 9.2388  1.8024 -0.746578 9.80785  tri18
panel tri  1.9509 0 9.80785  3.82683 0 9.2388  3.53553 -1.46447 9.2388  tri19
panel tri  1.8024 0.746578 9.80785  1.3795 1.3795 9.80785  2.70598 2.70598 9.2388  tri20
panel tri  1.8024 0.746578 9.80785  3.53553 1.46447 9.2388  3.82683 0 9.2388  tri21
panel tri  1.8024 0.746578 9.80785  2.70598 2.70598 9.2388  3.53553 1.46447 9.2388  tri22
panel tri  1.3795 1.3795 9.80785  0.746578 1.8024 9.80785  2.70598 2.70598 9.2388  tri23
panel tri  0.746578 1.8024 9.80785  0 1.9509 9.80785  1.46447 3.53553 9.2388  tri24
panel tri  0.746578 1.8024 9.80785  1.46447 3.53553 9.2388  2.70598 2.70598 9.2388  tri25
panel tri  0 1.9509 9.80785  -0.746578 1.8024 9.80785  -1.46447 3.53553 9.2388  tri26
panel tri  0 1.9509 9.80785  0 3.82683 9.2388  1.46447 3.53553 9.2388  tri27
panel tri  0 1.9509 9.80785  -1.46447 3.53553 9.2388  0 3.82683 9.2388  tri28
panel tri  -0.746578 1.8024 9.80785  -1.3795 1.3795 9.80785  -1.46447 3.53553 9.2388  tri29
panel tri  -1.3795 1.3795 9.80785  -1.8024 0.746578 9.80785  -3.53553 1.46447 9.2388  tri30
panel tri  -1.3795 1.3795 9.80785  -2.70598 2.70598 9.2388  -1.46447 3.53553 9.2388  tri31
panel tri  -1.3795 1.3795 9.80785  -3.53553 1.46447 9.2388  -2.70598 2.70598 9.2388  tri32
panel tri  -1.8024 0.746578 9.80785  -1.9509 0 9.80785  -3.53553 1.46447 9.2388  tri33
panel tri  -1.9509 0 9.80785  -1.8024 -0.746578 9.80785  -3.82683 0 9.2388  tri34
panel tri  -1.9509 0 9.80785  -3.82683 0 9.2388  -3.53553 1.46447 9.2388  tri35
panel tri  -1.8024 -0.746578 9.80785  -1.3795 -1.3795 9.80785  -2.70598 -2.70598 9.2388  tri36
panel tri  -1.8024 -0.746578 9.80785  -3.53553 -1.46447 9.2388  -3.82683 0 9.2388  tri37
panel tri  -1.8024 -0.746578 9.80785  -2.70598 -2.70598 9.2388  -3.53553 -1.46447 9.2388  tri38
panel tri  -1.3795 -1.3795 9.80785  -0.746578 -1.8024 9.80785  -2.70598 -2.70598 9.2388  tri39
panel tri  -0.746578 -1.8024 9.80785  0 -1.9509 9.80785  -1.46447 -3.53553 9.2388  tri40
panel tri  -0.746578 -1.8024 9.80785  -1.46447 -3.53553 9.2388  -2.70598 -2.70598 9.2388  tri41
panel tri  0 -1.9509 9.80785  0.746578 -1.8024 9.80785  1.46447 -3.53553 9.2388  tri42
panel tri  0 -1.9509 9.80785  0 -3.82683 9.2388  -1.46447 -3.53553 9.2388  tri43
panel tri  0 -1.9509 9.80785  1.46447 -3.53553 9.2388  0 -3.82683 9.2388  tri44
panel tri  0.746578 -1.8024 9.80785  1.3795 -1.3795 9.80785  1.46447 -3.53553 9.2388  tri45
panel tri  1.3795 -1.3795 9.80785  1.8024 -0.746578 9.80785  3.53553 -1.46447 9.2388  tri46
panel tri  1.3795 -1.3795 9.80785  2.70598 -2.70598 9.2388  1.46447 -3.53553 9.2388  tri47
panel tri  1.3795 -1.3795 9.80785  3.53553 -1.46447 9.2388  2.70598 -2.70598 9.2388  tri48
panel tri  3.82683 0 9.2388  3.53553 1.46447 9.2388  5.5557 0 8.3147  tri49
panel tri  3.82683 0 9.2388  5.5557 0 8.3147  3.53553 -1.46447 9.2388  tri50
panel tri  3.53553 1.46447 9.2388  2.70598 2.70598 9.2388  3.92847 3.92847 8.3147  tri51
panel tri  3.53553 1.46447 9.2388  5.1328 2.12608 8.3147  5.5557 0 8.3147  tri52
panel tri  3.53553 1.46447 9.2388  3.92847 3.92847 8.3147  5.1328 2.12608 8.3147  tri53
panel tri  2.70598 2.70598 9.2388  1.46447 3.53553 9.2388  3.92847 3.92847 8.3147  tri54
panel tri  1.46447 3.53553 9.2388  0 3.82683 9.2388  0 5.5557 8.3147  tri55
panel tri  1.46447 3.53553 9.2388  2.12608 5.1328 8.3147  3.92847 3.92847 8.3147  tri56
panel tri  1.46447 3.53553 9.2388  0 5.5557 8.3147  2.12608 5.1328 8.3147  tri57
panel tri  0 3.82683 9.2388  -1.46447 3.53553 9.2388  -2.12608 5.1328 8.3147  tri58
panel tri  0 3.82683 9.2388  -2.12608 5.1328 8.3147  0 5.5557 8.3147  tri59
panel tri  -1.46447 3.53553 9.2388  -2.70598 2.70598 9.2388  -2.12608 5.1328 8.3147  tri60
panel tri  -2.70598 2.70598 9.2388  -3.53553 1.46447 9.2388  -5.1328 2.12608 8.3147  tri61
panel tri  -2.70598 2.70598 9.2388  -3.92847 3.92847 8.3147  -2.12608 5.1328 8.3147  tri62
panel tri  -2.70598 2.70598 9.2388  -5.1328 2.12608 8.3147  -3.92847 3.92847 8.3147  tri63
panel tri  -3.53553 1.46447 9.2388  -3.82683 0 9.2388  -5.5557 0 8.3147  tri64
panel tri  -3.53553 1.46447 9.2388  -5.5557 0 8.3147  -5.1328 2.12608 8.3147  tri65
panel tri  -3.82683 0 9.2388  -3.53553 -1.46447 9.2388  -5.5557 0 8.3147  tri66
panel tri  -3.53553 -1.46447 9.2388  -2.70598 -2.70598 9.2388  -3.92847 -3.92847 8.3147  tri67
panel tri  -3.53553 -1.46447 9.2388  -5.1328 -2.12608 8.3147  -5.5557 0 8.3147  tri68
panel tri  -3.53553 -1.46447 9.2388  -3.92847 -3.92847 8.3147  -5.1328 -2.12608 8.3147  tri69
panel tri  -2.70598 -2.70598 9.2388  -1.46447 -3.53553 9.2388  -3.92847 -3.92847 8.3147  tri70
panel tri  -1.46447 -3.53553 9.2388  0 -3.82683 9.2388  -2.12608 -5.1328 8.3147  tri71
panel tri  -1.46447 -3.53553 9.2388  -2.12608 -5.1328 8.3147  -3.92847 -3.92847 8.3147  tri72
panel tri  0 -3.82683 9.2388  1.46447 -3.53553 9.2388  2.12608 -5.1328 8.3147  tri73
panel tri  0 -3.82683 9.2388  0 -5.5557 8.3147  -2.12608 -5.1328 8.3147  tri74
panel tri  0 -3.82683 9.2388  2.12608 -5.1328 8.3147  0 -5.5557 8.3147  tri75
panel tri  1.46447 -3.53553 9.2388  2.70598 -2.70598 9.2388  2.12608 -5.1328 8.3147  tri76
panel tri  2.70598 -2.70598 9.2388  3.53553 -1.46447 9.2388  5.1328 -2.12608 8.3147  tri77
panel tri  2.70598 -2.70598 9.2388  3.92847 -3.92847 8.3147  2.12608 -5.1328 8.3147  tri78
panel tri  2.70598 -2.70598 9.2388  5.1328 -2.12608 8.3147  3.92847 -3.92847 8.3147  tri79
panel tri  3.53553 -1.46447 9.2388  5.5557 0 8.3147  5.1328 -2.12608 8.3147  tri80
panel tri  5.5557 0 8.3147  5.1328 2.12608 8.3147  6.53281 2.70598 7.07107  tri81
panel tri  5.5557 0 8.3147  7.07107 0 7.07107  5.1328 -2.12608 8.3147  tri82
panel tri  5.5557 0 8.3147  6.53281 2.70598 7.07107  7.07107 0 7.07107  tri83
panel tri  5.1328 2.12608 8.3147  3.92847 3.92847 8.3147  5 5 7.07107  tri84
panel tri  5.1328 2.12608 8.3147  5 5 7.07107  6.53281 2.70598 7.07107  tri85
panel tri  3.92847 3.92847 8.3147  2.12608 5.1328 8.3147  2.70598 6.53281 7.07107  tri86
panel tri  3.92847 3.92847 8.3147  2.70598 6.53281 7.07107  5 5 7.07107  tri87
panel tri  2.12608 5.1328 8.3147  0 5.5557 8.3147  0 7.07107 7.07107  tri88
panel tri  2.12608 5.1328 8.3147  0 7.07107 7.07107  2.70598 6.53281 7.07107  tri89
panel tri  0 5.5557 8.3147  -2.12608 5.1328 8.3147  0 7.07107 7.07107  tri90
panel tri  -2.12608 5.1328 8.3147  -3.92847 3.92847 8.3147  -2.70598 6.53281 7.07107  tri91
panel tri  -2.12608 5.1328 8.3147  -2.70598 6.53281 7.07107  0 7.07107 7.07107  tri92
panel tri  -3.92847 3.92847 8.3147  -5.1328 2.12608 8.3147  -6.53281 2.70598 7.07107  tri93
panel tri  -3.92847 3.92847 8.3147  -5 5 7.07107  -2.70598 6.53281 7.07107  tri94
panel tri  -3.92847 3.92847 8.3147  -6.53281 2.70598 7.07107  -5 5 7.07107  tri95
panel tri  -5.1328 2.12608 8.3147  -5.5557 0 8.3147  -7.07107 0 7.07107  tri96
panel tri  -5.1328 2.12608 8.3147  -7.07107 0 7.07107  -6.53281 2.70598 7.07107  tri97
panel tri  -5.5557 0 8.3147  -5.1328 -2.12608 8.3147  -6.53281 -2.70598 7.07107  tri98
panel tri  -5.5557 0 8.3147  -6.53281 -2.70598 7.07107  -7.07107 0 7.07107  tri99
panel tri  -5.1328 -2.12608 8.3147  -3.92847 -3.92847 8.3147  -5 -5 7.07107  tri100
panel tri  -5.1328 -2.12608 8.3147  -5 -5 7.07107  -6.53281 -2.70598 7.07107  tri101
panel tri  -3.92847 -3.92847 8.3147  -2.12608 -5.1328 8.3147  -5 -5 7.07107  tri102
panel tri  -2.12608 -5.1328 8.3147  0 -5.5557 8.3147  0 -7.07107 7.07107  tri103
panel tri  -2.12608 -5.1328 8.3147  -2.70598 -6.53281 7.07107  -5 -5 7.07107  tri104
panel tri  -2.12608 -5.1328 8.3147  0 -7.07107 7.07107  -2.70598 -6.53281 7.07107  tri105
panel tri  0 -5.5557 8.3147  2.12608 -5.1328 8.3147  2.70598 -6.53281 7.07107  tri106
panel tri  0 -5.5557 8.3147  2.70598 -6.53281 7.07107  0 -7.07107 7.07107  tri107
panel tri  2.12608 -5.1328 8.3147  3.92847 -3.92847 8.3147  2.70598 -6.53281 7.07107  tri108
panel tri  3.92847 -3.92847 8.3147  5.1328 -2.12608 8.3147  6.53281 -2.70598 7.07107  tri109
panel tri  3.92847 -3.92847 8.3147  5 -5 7.07107  2.70598 -6.53281 7.07107  tri110
panel tri  3.92847 -3.92847 8.3147  6.53281 -2.70598 7.07107  5 -5 7.07107  tri111
panel tri  5.1328 -2.12608 8.3147  7.07107 0 7.07107  6.53281 -2.70598 7.07107  tri112
panel tri  7.07107 0 7.07107  6.53281 2.70598 7.07107  7.68178 3.1819 5.5557  tri113
panel tri  7.07107 0 7.07107  7.68178 -3.1819 5.5557  6.53281 -2.70598 7.07107  tri114
panel tri  7.07107 0 7.07107  7.68178 3.1819 5.5557  8.3147 0 5.5557  tri115
panel tri  7.07107 0 7.07107  8.3147 0 5.5557  7.68178 -3.1819 5.5557  tri116
panel tri  6.53281 2.70598 7.07107  5 5 7.07107  5.87938 5.87938 5.5557  tri117
panel tri  6.53281 2.70598 7.07107  5.87938 5.87938 5.5557  7.68178 3.1819 5.5557  tri118
panel tri  5 5 7.07107  2.70598 6.53281 7.07107  5.87938 5.87938 5.5557  tri119
panel tri  2.70598 6.53281 7.07107  0 7.07107 7.07107  3.1819 7.68178 5.5557  tri120
panel tri  2.70598 6.53281 7.07107  3.1819 7.68178 5.5557  5.87938 5.87938 5.5557  tri121
panel tri  0 7.07107 7.07107  -2.70598 6.53281 7.07107  -3.1819 7.68178 5.5557  tri122
panel tri  0 7.07107 7.07107  0 8.3147 5.5557  3.1819 7.68178 5.5557  tri123
panel tri  0 7.07107 7.07107  -3.1819 7.68178 5.5557  0 8.3147 5.5557  tri124
panel tri  -2.70598 6.53281 7.07107  -5 5 7.07107  -3.1819 7.68178 5.5557  tri125
panel tri  -5 5 7.07107  -6.53281 2.70598 7.07107  -7.68178 3.1819 5.5557  tri126
panel tri  -5 5 7.07107  -5.87938 5.87938 5.5557  -3.1819 7.68178 5.5557  tri127
panel tri  -5 5 7.07107  -7.68178 3.1819 5.5557  -5.87938 5.87938 5.5557  tri128
panel tri  -6.53281 2.70598 7.07107  -7.07107 0 7.07107  -7.68178 3.1819 5.5557  tri129
panel tri  -7.07107 0 7.07107  -6.53281 -2.70598 7.07107  -7.68178 -3.1819 5.5557  tri130
panel tri  -7.07107 0 7.07107  -8.3147 0 5.5557  -7.68178 3.1819 5.5557  tri131
panel tri  -7.07107 0 7.07107  -7.68178 -3.1819 5.5557  -8.3147 0 5.5557  tri132
panel tri  -6.53281 -2.70598 7.07107  -5 -5 7.07107  -5.87938 -5.87938 5.5557  tri133
panel tri  -6.53281 -2.70598 7.07107  -5.87938 -5.87938 5.5557  -7.68178 -3.1819 5.5557  tri134
panel tri  -5 -5 7.07107  -2.70598 -6.53281 7.07107  -3.1819 -7.68178 5.5557  tri135
panel tri  -5 -5 7.07107  -3.1819 -7.68178 5.5557  -5.87938 -5.87938 5.5557  tri136
panel tri  -2.70598 -6.53281 7.07107  0 -7.07107 7.07107  -3.1819 -7.68178 5.5557  tri137
panel tri  0 -7.07107 7.07107  2.70598 -6.53281 7.07107  3.1819 -7.68178 5.5557  tri138
panel tri  0 -7.07107 7.07107  0 -8.3147 5.5557  -3.1819 -7.68178 5.5557  tri139
panel tri  0 -7.07107 7.07107  3.1819 -7.68178 5.5557  0 -8.3147 5.5557  tri140
panel tri  2.70598 -6.53281 7.07107  5 -5 7.07107  3.1819 -7.68178 5.5557  tri141
panel tri  5 -5 7.07107  6.53281 -2.70598 7.07107  7.68178 -3.1819 5.5557  tri142
panel tri  5 -5 7.07107  5.87938 -5.87938 5.5557  3.1819 -7.68178 5.5557  tri143
panel tri  5 -5 7.07107  7.68178 -3.1819 5.5557  5.87938 -5.87938 5.5557  tri144
panel tri  8.3147 0 5.5557  7.68178 3.1819 5.5557  8.53553 3.53553 3.82683  tri145
panel tri  8.3147 0 5.5557  9.2388 0 3.82683  7.68178 -3.1819 5.5557  tri146
panel tri  8.3147 0 5.5557  8.53553 3.53553 3.82683  9.2388 0 3.82683  tri147
panel tri  7.68178 3.1819 5.5557  5.87938 5.87938 5.5557  6.53281 6.53281 3.82683  tri148
panel tri  7.68178 3.1819 5.5557  6.53281 6.53281 3.82683  8.53553 3.53553 3.82683  tri149
panel tri  5.87938 5.87938 5.5557  3.1819 7.68178 5.5557  3.53553 8.53553 3.82683  tri150
panel tri  5.87938 5.87938 5.5557  3.53553 8.53553 3.82683  6.53281 6.53281 3.82683  tri151
panel tri  3.1819 7.68178 5.5557  0 8.3147 5.5557  0 9.2388 3.82683  tri152
panel tri  3.1819 7.68178 5.5557  0 9.2388 3.82683  3.53553 8.53553 3.82683  tri153
panel tri  0 8.3147 5.5557  -3.1819 7.68178 5.5557  0 9.2388 3.82683  tri154
panel tri  -3.1819 7.68178 5.5557  -5.87938 5.87938 5.5557  -6.53281 6.53281 3.82683  tri155
panel tri  -3.1819 7.68178 5.5557  -3.53553 8.53553 3.82683  0 9.2388 3.82683  tri156
panel tri  -3.1819 7.68178 5.5557  -6.53281 6.53281 3.82683  -3.53553 8.53553 3.82683  tri157
panel tri  -5.87938 5.87938 5.5557  -7.68178 3.1819 5.5557  -6.53281 6.53281 3.82683  tri158
panel tri  -7.68178 3.1819 5.5557  -8.3147 0 5.5557  -9.2388 0 3.82683  tri159
panel tri  -7.68178 3.1819 5.5557  -8.53553 3.53553 3.82683  -6.53281 6.53281 3.82683  tri160
panel tri  -7.68178 3.1819 5.5557  -9.2388 0 3.82683  -8.53553 3.53553 3.82683  tri161
panel tri  -8.3147 0 5.5557  -7.68178 -3.1819 5.5557  -8.53553 -3.53553 3.82683  tri162
panel tri  -8.3147 0 5.5557  -8.53553 -3.53553 3.82683  -9.2388 0 3.82683  tri163
panel tri  -7.68178 -3.1819 5.5557  -5.87938 -5.87938 5.5557  -8.53553 -3.53553 3.82683  tri164
panel tri  -5.87938 -5.87938 5.5557  -3.1819 -7.68178 5.5557  -3.53553 -8.53553 3.82683  tri165
panel tri  -5.87938 -5.87938 5.5557  -6.53281 -6.53281 3.82683  -8.53553 -3.53553 3.82683  tri166
panel tri  -5.87938 -5.87938 5.5557  -3.53553 -8.53553 3.82683  -6.53281 -6.53281 3.82683  tri167
panel tri  -3.1819 -7.68178 5.5557  0 -8.3147 5.5557  0 -9.2388 3.82683  tri168
panel tri  -3.1819 -7.68178 5.5557  0 -9.2388 3.82683  -3.53553 -8.53553 3.82683  tri169
panel tri  0 -8.3147 5.5557  3.1819 -7.68178 5.5557  0 -9.2388 3.82683  tri170
panel tri  3.1819 -7.68178 5.5557  5.87938 -5.87938 5.5557  3.53553 -8.53553 3.82683  tri171
panel tri  3.1819 -7.68178 5.5557  3.53553 -8.53553 3.82683  0 -9.2388 3.82683  tri172
panel tri  5.87938 -5.87938 5.5557  7.68178 -3.1819 5.5557  8.53553 -3.53553 3.82683  tri173
panel tri  5.87938 -5.87938 5.5557  6.53281 -6.53281 3.82683  3.53553 -8.53553 3.82683  tri174
panel tri  5.87938 -5.87938 5.5557  8.53553 -3.53553 3.82683  6.53281 -6.53281 3.82683  tri175
panel tri  7.68178 -3.1819 5.5557  9.2388 0 3.82683  8.53553 -3.53553 3.82683  tri176
panel tri  9.2388 0 3.82683  8.53553 3.53553 3.82683  9.06127 3.7533 1.9509  tri177
panel tri  9.2388 0 3.82683  9.06127 -3.7533 1.9509  8.53553 -3.53553 3.82683  tri178
panel tri  9.2388 0 3.82683  9.06127 3.7533 1.9509  9.80785 0 1.9509  tri179
panel tri  9.2388 0 3.82683  9.80785 0 1.9509  9.06127 -3.7533 1.9509  tri180
panel tri  8.53553 3.53553 3.82683  6.53281 6.53281 3.82683  9.06127 3.7533 1.9509  tri181
panel tri  6.53281 6.53281 3.82683  3.53553 8.53553 3.82683  3.7533 9.06127 1.9509  tri182
panel tri  6.53281 6.53281 3.82683  6.9352 6.9352 1.9509  9.06127 3.7533 1.9509  tri183
panel tri  6.53281 6.53281 3.82683  3.7533 9.06127 1.9509  6.9352 6.9352 1.9509  tri184
panel tri  3.53553 8.53553 3.82683  0 9.2388 3.82683  3.7533 9.06127 1.9509  tri185
panel tri  0 9.2388 3.82683  -3.53553 8.53553 3.82683  -3.7533 9.06127 1.9509  tri186
panel tri  0 9.2388 3.82683  0 9.80785 1.9509  3.7533 9.06127 1.9509  tri187
panel tri  0 9.2388 3.82683  -3.7533 9.06127 1.9509  0 9.80785 1.9509  tri188
panel tri  -3.53553 8.53553 3.82683  -6.53281 6.53281 3.82683  -6.9352 6.9352 1.9509  tri189
panel tri  -3.53553 8.53553 3.82683  -6.9352 6.9352 1.9509  -3.7533 9.06127 1.9509  tri190
panel tri  -6.53281 6.53281 3.82683  -8.53553 3.53553 3.82683  -9.06127 3.7533 1.9509  tri191
panel tri  -6.53281 6.53281 3.82683  -9.06127 3.7533 1.9509  -6.9352 6.9352 1.9509  tri192
panel tri  -8.53553 3.53553 3.82683  -9.2388 0 3.82683  -9.06127 3.7533 1.9509  tri193
panel tri  -9.2388 0 3.82683  -8.53553 -3.53553 3.82683  -9.80785 0 1.9509  tri194
panel tri  -9.2388 0 3.82683  -9.80785 0 1.9509  -9.06127 3.7533 1.9509  tri195
panel tri  -8.53553 -3.53553 3.82683  -6.53281 -6.53281 3.82683  -6.9352 -6.9352 1.9509  tri196
panel tri  -8.53553 -3.53553 3.82683  -9.06127 -3.7533 1.9509  -9.80785 0 1.9509  tri197
panel tri  -8.53553 -3.53553 3.82683  -6.9352 -6.9352 1.9509  -9.06127 -3.7533 1.9509  tri198
panel tri  -6.53281 -6.53281 3.82683  -3.53553 -8.53553 3.82683  -3.7533 -9.06127 1.9509  tri199
panel tri  -6.53281 -6.53281 3.82683  -3.7533 -9.06127 1.9509  -6.9352 -6.9352 1.9509  tri200
panel tri  -3.53553 -8.53553 3.82683  0 -9.2388 3.82683  -3.7533 -9.06127 1.9509  tri201
panel tri  0 -9.2388 3.82683  3.53553 -8.53553 3.82683  3.7533 -9.06127 1.9509  tri202
panel tri  0 -9.2388 3.82683  0 -9.80785 1.9509  -3.7533 -9.06127 1.9509  tri203
panel tri  0 -9.2388 3.82683  3.7533 -9.06127 1.9509  0 -9.80785 1.9509  tri204
panel tri  3.53553 -8.53553 3.82683  6.53281 -6.53281 3.82683  6.9352 -6.9352 1.9509  tri205
panel tri  3.53553 -8.53553 3.82683  6.9352 -6.9352 1.9509  3.7533 -9.06127 1.9509  tri206
panel tri  6.53281 -6.53281 3.82683  8.53553 -3.53553 3.82683  9.06127 -3.7533 1.9509  tri207
panel tri  6.53281 -6.53281 3.82683  9.06127 -3.7533 1.9509  6.9352 -6.9352 1.9509  tri208
panel tri  9.80785 0 1.9509  9.06127 3.7533 1.9509  10 0 0  tri209
panel tri  9.80785 0 1.9509  9.2388 -3.82683 0  9.06127 -3.7533 1.9509  tri210
panel tri  9.80785 0 1.9509  10 0 0  9.2388 -3.82683 0  tri211
panel tri  9.06127 3.7533 1.9509  6.9352 6.9352 1.9509  9.2388 3.82683 0  tri212
panel tri  9.06127 3.7533 1.9509  9.2388 3.82683 0  10 0 0  tri213
panel tri  6.9352 6.9352 1.9509  3.7533 9.06127 1.9509  7.07107 7.07107 0  tri214
panel tri  6.9352 6.9352 1.9509  7.07107 7.07107 0  9.2388 3.82683 0  tri215
panel tri  3.7533 9.06127 1.9509  0 9.80785 1.9509  0 10 0  tri216
panel tri  3.7533 9.06127 1.9509  3.82683 9.2388 0  7.07107 7.07107 0  tri217
panel tri  3.7533 9.06127 1.9509  0 10 0  3.82683 9.2388 0  tri218
panel tri  0 9.80785 1.9509  -3.7533 9.06127 1.9509  0 10 0  tri219
panel tri  -3.7533 9.06127 1.9509  -6.9352 6.9352 1.9509  -7.07107 7.07107 0  tri220
panel tri  -3.7533 9.06127 1.9509  -3.82683 9.2388 0  0 10 0  tri221
panel tri  -3.7533 9.06127 1.9509  -7.07107 7.07107 0  -3.82683 9.2388 0  tri222
panel tri  -6.9352 6.9352 1.9509  -9.06127 3.7533 1.9509  -7.07107 7.07107 0  tri223
panel tri  -9.06127 3.7533 1.9509  -9.80785 0 1.9509  -9.2388 3.82683 0  tri224
panel tri  -9.06127 3.7533 1.9509  -9.2388 3.82683 0  -7.07107 7.07107 0  tri225
panel tri  -9.80785 0 1.9509  -9.06127 -3.7533 1.9509  -10 0 0  tri226
panel tri  -9.80785 0 1.9509  -10 0 0  -9.2388 3.82683 0  tri227
panel tri  -9.06127 -3.7533 1.9509  -6.9352 -6.9352 1.9509  -7.07107 -7.07107 0  tri228
panel tri  -9.06127 -3.7533 1.9509  -9.2388 -3.82683 0  -10 0 0  tri229
panel tri  -9.06127 -3.7533 1.9509  -7.07107 -7.07107 0  -9.2388 -3.82683 0  tri230
panel tri  -6.9352 -6.9352 1.9509  -3.7533 -9.06127 1.9509  -7.07107 -7.07107 0  tri231
panel tri  -3.7533 -9.06127 1.9509  0 -9.80785 1.9509  0 -10 0  tri232
panel tri  -3.7533 -9.06127 1.9509  -3.82683 -9.2388 0  -7.07107 -7.07107 0  tri233
panel tri  -3.7533 -9.06127 1.9509  0 -10 0  -3.82683 -9.2388 0  tri234
panel tri  0 -9.80785 1.9509  3.7533 -9.06127 1.9509  0 -10 0  tri235
panel tri  3.7533 -9.06127 1.9509  6.9352 -6.9352 1.9509  7.07107 -7.07107 0  tri236
panel tri  3.7533 -9.06127 1.9509  3.82683 -9.2388 0  0 -10 0  tri237
panel tri  3.7533 -9.06127 1.9509  7.07107 -7.07107 0  3.82683 -9.2388 0  tri238
panel tri  6.9352 -6.9352 1.9509  9.06127 -3.7533 1.9509  7.07107 -7.07107 0  tri239
panel tri  9.06127 -3.7533 1.9509  9.2388 -3.82683 0  7.07107 -7.07107 0  tri240
panel tri  10 0 0  9.2388 3.82683 0  9.06127 3.7533 -1.9509  tri241
panel tri  10 0 0  9.80785 0 -1.9509  9.2388 -3.82683 0  tri242
panel tri  10 0 0  9.06127 3.7533 -1.9509  9.80785 0 -1.9509  tri243
panel tri  9.2388 3.82683 0  7.07107 7.07107 0  6.9352 6.9352 -1.9509  tri244
panel tri  9.2388 3.82683 0  6.9352 6.9352 -1.9509  9.06127 3.7533 -1.9509  tri245
panel tri  7.07107 7.07107 0  3.82683 9.2388 0  3.7533 9.06127 -1.9509  tri246
panel tri  7.07107 7.07107 0  3.7533 9.06127 -1.9509  6.9352 6.9352 -1.9509  tri247
panel tri  3.82683 9.2388 0  0 10 0  3.7533 9.06127 -1.9509  tri248
panel tri  0 10 0  -3.82683 9.2388 0  -3.7533 9.06127 -1.9509  tri249
panel tri  0 10 0  0 9.80785 -1.9509  3.7533 9.06127 -1.9509  tri250
panel tri  0 10 0  -3.7533 9.06127 -1.9509  0 9.80785 -1.9509  tri251
panel tri  -3.82683 9.2388 0  -7.07107 7.07107 0  -3.7533 9.06127 -1.9509  tri252
panel tri  -7.07107 7.07107 0  -9.2388 3.82683 0  -9.06127 3.7533 -1.9509  tri253
panel tri  -7.07107 7.07107 0  -6.9352 6.9352 -1.9509  -3.7533 9.06127 -1.9509  tri254
panel tri  -7.07107 7.07107 0  -9.06127 3.7533 -1.9509  -6.9352 6.9352 -1.9509  tri255
panel tri  -9.2388 3.82683 0  -10 0 0  -9.80785 0 -1.9509  tri256
panel tri  -9.2388 3.82683 0  -9.80785 0 -1.9509  -9.06127 3.7533 -1.9509  tri257
panel tri  -10 0 0  -9.2388 -3.82683 0  -9.06127 -3.7533 -1.9509  tri258
panel tri  -10 0 0  -9.06127 -3.7533 -1.9509  -9.80785 0 -1.9509  tri259
panel tri  -9.2388 -3.82683 0  -7.07107 -7.07107 0  -9.06127 -3.7533 -1.9509  tri260
panel tri  -7.07107 -7.07107 0  -3.82683 -9.2388 0  -3.7533 -9.06127 -1.9509  tri261
panel tri  -7.07107 -7.07107 0  -6.9352 -6.9352 -1.9509  -9.06127 -3.7533 -1.9509  tri262
panel tri  -7.07107 -7.07107 0  -3.7533 -9.06127 -1.9509  -6.9352 -6.9352 -1.9509  tri263
panel tri  -3.82683 -9.2388 0  0 -10 0  -3.7533 -9.06127 -1.9509  tri264
panel tri  0 -10 0  3.82683 -9.2388 0  3.7533 -9.06127 -1.9509  tri265
panel tri  0 -10 0  0 -9.80785 -1.9509  -3.7533 -9.06127 -1.9509  tri266
panel tri  0 -10 0  3.7533 -9.06127 -1.9509  0 -9.80785 -1.9509  tri267
panel tri  3.82683 -9.2388 0  7.07107 -7.07107 0  3.7533 -9.06127 -1.9509  tri268
panel tri  7.07107 -7.07107 0  9.2388 -3.82683 0  9.06127 -3.7533 -1.9509  tri269
panel tri  7.07107 -7.07107 0  6.9352 -6.9352 -1.9509  3.7533 -9.06127 -1.9509  tri270
panel tri  7.07107 -7.07107 0  9.06127 -3.7533 -1.9509  6.9352 -6.9352 -1.9509  tri271
panel tri  9.2388 -3.82683 0  9.80785 0 -1.9509  9.06127 -3.7533 -1.9509  tri272
panel tri  9.80785 0 -1.9509  9.06127 3.7533 -1.9509  9.2388 0 -3.82683  tri273
panel tri  9.80785 0 -1.9509  9.2388 0 -3.82683  9.06127 -3.7533 -1.9509  tri274
panel tri  9.06127 3.7533 -1.9509  6.9352 6.9352 -1.9509  6.53281 6.53281 -3.82683  tri275
panel tri  9.06127 3.7533 -1.9509  8.53553 3.53553 -3.82683  9.2388 0 -3.82683  tri276
panel tri  9.06127 3.7533 -1.9509  6.53281 6.53281 -3.82683  8.53553 3.53553 -3.82683  tri277
panel tri  6.9352 6.9352 -1.9509  3.7533 9.06127 -1.9509  6.53281 6.53281 -3.82683  tri278
panel tri  3.7533 9.06127 -1.9509  0 9.80785 -1.9509  0 9.2388 -3.82683  tri279
panel tri  3.7533 9.06127 -1.9509  3.53553 8.53553 -3.82683  6.53281 6.53281 -3.82683  tri280
panel tri  3.7533 9.06127 -1.9509  0 9.2388 -3.82683  3.53553 8.53553 -3.82683  tri281
panel tri  0 9.80785 -1.9509  -3.7533 9.06127 -1.9509  0 9.2388 -3.82683  tri282
panel tri  -3.7533 9.06127 -1.9509  -6.9352 6.9352 -1.9509  -3.53553 8.53553 -3.82683  tri283
panel tri  -3.7533 9.06127 -1.9509  -3.53553 8.53553 -3.82683  0 9.2388 -3.82683  tri284
panel tri  -6.9352 6.9352 -1.9509  -9.06127 3.7533 -1.9509  -6.53281 6.53281 -3.82683  tri285
panel tri  -6.9352 6.9352 -1.9509  -6.53281 6.53281 -3.82683  -3.53553 8.53553 -3.82683  tri286
panel tri  -9.06127 3.7533 -1.9509  -9.80785 0 -1.9509  -9.2388 0 -3.82683  tri287
panel tri  -9.06127 3.7533 -1.9509  -8.53553 3.53553 -3.82683  -6.53281 6.53281 -3.82683  tri288
panel tri  -9.06127 3.7533 -1.9509  -9.2388 0 -3.82683  -8.53553 3.53553 -3.82683  tri289
panel tri  -9.80785 0 -1.9509  -9.06127 -3.7533 -1.9509  -8.53553 -3.53553 -3.82683  tri290
panel tri  -9.80785 0 -1.9509  -8.53553 -3.53553 -3.82683  -9.2388 0 -3.82683  tri291
panel tri  -9.06127 -3.7533 -1.9509  -6.9352 -6.9352 -1.9509  -8.53553 -3.53553 -3.82683  tri292
panel tri  -6.9352 -6.9352 -1.9509  -3.7533 -9.06127 -1.9509  -6.53281 -6.53281 -3.82683  tri293
panel tri  -6.9352 -6.9352 -1.9509  -6.53281 -6.53281 -3.82683  -8.53553 -3.53553 -3.82683  tri294
panel tri  -3.7533 -9.06127 -1.9509  0 -9.80785 -1.9509  0 -9.2388 -3.82683  tri295
panel tri  -3.7533 -9.06127 -1.9509  -3.53553 -8.53553 -3.82683  -6.53281 -6.53281 -3.82683  tri296
panel tri  -3.7533 -9.06127 -1.9509  0 -9.2388 -3.82683  -3.53553 -8.53553 -3.82683  tri297
panel tri  0 -9.80785 -1.9509  3.7533 -9.06127 -1.9509  0 -9.2388 -3.82683  tri298
panel tri  3.7533 -9.06127 -1.9509  6.9352 -6.9352 -1.9509  3.53553 -8.53553 -3.82683  tri299
panel tri  3.7533 -9.06127 -1.9509  3.53553 -8.53553 -3.82683  0 -9.2388 -3.82683  tri300
panel tri  6.9352 -6.9352 -1.9509  9.06127 -3.7533 -1.9509  6.53281 -6.53281 -3.82683  tri301
panel tri  6.9352 -6.9352 -1.9509  6.53281 -6.53281 -3.82683  3.53553 -8.53553 -3.82683  tri302
panel tri  9.06127 -3.7533 -1.9509  9.2388 0 -3.82683  8.53553 -3.53553 -3.82683  tri303
panel tri  9.06127 -3.7533 -1.9509  8.53553 -3.53553 -3.82683  6.53281 -6.53281 -3.82683  tri304
panel tri  9.2388 0 -3.82683  8.53553 3.53553 -3.82683  8.3147 0 -5.5557  tri305
panel tri  9.2388 0 -3.82683  7.68178 -3.1819 -5.5557  8.53553 -3.53553 -3.82683  tri306
panel tri  9.2388 0 -3.82683  8.3147 0 -5.5557  7.68178 -3.1819 -5.5557  tri307
panel tri  8.53553 3.53553 -3.82683  6.53281 6.53281 -3.82683  7.68178 3.1819 -5.5557  tri308
panel tri  8.53553 3.53553 -3.82683  7.68178 3.1819 -5.5557  8.3147 0 -5.5557  tri309
panel tri  6.53281 6.53281 -3.82683  3.53553 8.53553 -3.82683  5.87938 5.87938 -5.5557  tri310
panel tri  6.53281 6.53281 -3.82683  5.87938 5.87938 -5.5557  7.68178 3.1819 -5.5557  tri311
panel tri  3.53553 8.53553 -3.82683  0 9.2388 -3.82683  3.1819 7.68178 -5.5557  tri312
panel tri  3.53553 8.53553 -3.82683  3.1819 7.68178 -5.5557  5.87938 5.87938 -5.5557  tri313
panel tri  0 9.2388 -3.82683  -3.53553 8.53553 -3.82683  -3.1819 7.68178 -5.5557  tri314
panel tri  0 9.2388 -3.82683  0 8.3147 -5.5557  3.1819 7.68178 -5.5557  tri315
panel tri  0 9.2388 -3.82683  -3.1819 7.68178 -5.5557  0 8.3147 -5.5557  tri316
panel tri  -3.53553 8.53553 -3.82683  -6.53281 6.53281 -3.82683  -3.1819 7.68178 -5.5557  tri317
panel tri  -6.53281 6.53281 -3.82683  -8.53553 3.53553 -3.82683  -7.68178 3.1819 -5.5557  tri318
panel tri  -6.53281 6.53281 -3.82683  -5.87938 5.87938 -5.5557  -3.1819 7.68178 -5.5557  tri319
panel tri  -6.53281 6.53281 -3.82683  -7.68178 3.1819 -5.5557  -5.87938 5.87938 -5.5557  tri320
panel tri  -8.53553 3.53553 -3.82683  -9.2388 0 -3.82683  -7.68178 3.1819 -5.5557  tri321
panel tri  -9.2388 0 -3.82683  -8.53553 -3.53553 -3.82683  -8.3147 0 -5.5557  tri322
panel tri  -9.2388 0 -3.82683  -8.3147 0 -5.5557  -7.68178 3.1819 -5.5557  tri323
panel tri  -8.53553 -3.53553 -3.82683  -6.53281 -6.53281 -3.82683  -5.87938 -5.87938 -5.5557  tri324
panel tri  -8.53553 -3.53553 -3.82683  -7.68178 -3.1819 -5.5557  -8.3147 0 -5.5557  tri325
panel tri  -8.53553 -3.53553 -3.82683  -5.87938 -5.87938 -5.5557  -7.68178 -3.1819 -5.5557  tri326
panel tri  -6.53281 -6.53281 -3.82683  -3.53553 -8.53553 -3.82683  -5.87938 -5.87938 -5.5557  tri327
panel tri  -3.53553 -8.53553 -3.82683  0 -9.2388 -3.82683  -3.1819 -7.68178 -5.5557  tri328
panel tri  -3.53553 -8.53553 -3.82683  -3.1819 -7.68178 -5.5557  -5.87938 -5.87938 -5.5557  tri329
panel tri  0 -9.2388 -3.82683  3.53553 -8.53553 -3.82683  3.1819 -7.68178 -5.5557  tri330
panel tri  0 -9.2388 -3.82683  0 -8.3147 -5.5557  -3.1819 -7.68178 -5.5557  tri331
panel tri  0 -9.2388 -3.82683  3.1819 -7.68178 -5.5557  0 -8.3147 -5.5557  tri332
panel tri  3.53553 -8.53553 -3.82683  6.53281 -6.53281 -3.82683  5.87938 -5.87938 -5.5557  tri333
panel tri  3.53553 -8.53553 -3.82683  5.87938 -5.87938 -5.5557  3.1819 -7.68178 -5.5557  tri334
panel tri  6.53281 -6.53281 -3.82683  8.53553 -3.53553 -3.82683  5.87938 -5.87938 -5.5557  tri335
panel tri  8.53553 -3.53553 -3.82683  7.68178 -3.1819 -5.5557  5.87938 -5.87938 -5.5557  tri336
panel tri  8.3147 0 -5.5557  7.68178 3.1819 -5.5557  7.07107 0 -7.07107  tri337
panel tri  8.3147 0 -5.5557  7.07107 0 -7.07107  7.68178 -3.1819 -5.5557  tri338
panel tri  7.68178 3.1819 -5.5557  5.87938 5.87938 -5.5557  6.53281 2.70598 -7.07107  tri339
panel tri  7.68178 3.1819 -5.5557  6.53281 2.70598 -7.07107  7.07107 0 -7.07107  tri340
panel tri  5.87938 5.87938 -5.5557  3.1819 7.68178 -5.5557  2.70598 6.53281 -7.07107  tri341
panel tri  5.87938 5.87938 -5.5557  5 5 -7.07107  6.53281 2.70598 -7.07107  tri342
panel tri  5.87938 5.87938 -5.5557  2.70598 6.53281 -7.07107  5 5 -7.07107  tri343
panel tri  3.1819 7.68178 -5.5557  0 8.3147 -5.5557  0 7.07107 -7.07107  tri344
panel tri  3.1819 7.68178 -5.5557  0 7.07107 -7.07107  2.70598 6.53281 -7.07107  tri345
panel tri  0 8.3147 -5.5557  -3.1819 7.68178 -5.5557  0 7.07107 -7.07107  tri346
panel tri  -3.1819 7.68178 -5.5557  -5.87938 5.87938 -5.5557  -5 5 -7.07107  tri347
panel tri  -3.1819 7.68178 -5.5557  -2.70598 6.53281 -7.07107  0 7.07107 -7.07107  tri348
panel tri  -3.1819 7.68178 -5.5557  -5 5 -7.07107  -2.70598 6.53281 -7.07107  tri349
panel tri  -5.87938 5.87938 -5.5557  -7.68178 3.1819 -5.5557  -5 5 -7.07107  tri350
panel tri  -7.68178 3.1819 -5.5557  -8.3147 0 -5.5557  -7.07107 0 -7.07107  tri351
panel tri  -7.68178 3.1819 -5.5557  -6.53281 2.70598 -7.07107  -5 5 -7.07107  tri352
panel tri  -7.68178 3.1819 -5.5557  -7.07107 0 -7.07107  -6.53281 2.70598 -7.07107  tri353
panel tri  -8.3147 0 -5.5557  -7.68178 -3.1819 -5.5557  -7.07107 0 -7.07107  tri354
panel tri  -7.68178 -3.1819 -5.5557  -5.87938 -5.87938 -5.5557  -6.53281 -2.70598 -7.07107  tri355
panel tri  -7.68178 -3.1819 -5.5557  -6.53281 -2.70598 -7.07107  -7.07107 0 -7.07107  tri356
panel tri  -5.87938 -5.87938 -5.5557  -3.1819 -7.68178 -5.5557  -5 -5 -7.07107  tri357
panel tri  -5.87938 -5.87938 -5.5557  -5 -5 -7.07107  -6.53281 -2.70598 -7.07107  tri358
panel tri  -3.1819 -7.68178 -5.5557  0 -8.3147 -5.5557  0 -7.07107 -7.07107  tri359
panel tri  -3.1819 -7.68178 -5.5557  -2.70598 -6.53281 -7.07107  -5 -5 -7.07107  tri360
panel tri  -3.1819 -7.68178 -5.5557  0 -7.07107 -7.07107  -2.70598 -6.53281 -7.07107  tri361
panel tri  0 -8.3147 -5.5557  3.1819 -7.68178 -5.5557  0 -7.07107 -7.07107  tri362
panel tri  3.1819 -7.68178 -5.5557  5.87938 -5.87938 -5.5557  5 -5 -7.07107  tri363
panel tri  3.1819 -7.68178 -5.5557  2.70598 -6.53281 -7.07107  0 -7.07107 -7.07107  tri364
panel tri  3.1819 -7.68178 -5.5557  5 -5 -7.07107  2.70598 -6.53281 -7.07107  tri365
panel tri  5.87938 -5.87938 -5.5557  7.68178 -3.1819 -5.5557  5 -5 -7.07107  tri366
panel tri  7.68178 -3.1819 -5.5557  7.07107 0 -7.07107  6.53281 -2.70598 -7.07107  tri367
panel tri  7.68178 -3.1819 -5.5557  6.53281 -2.70598 -7.07107  5 -5 -7.07107  tri368
panel tri  7.07107 0 -7.07107  6.53281 2.70598 -7.07107  5.5557 0 -8.3147  tri369
panel tri  7.07107 0 -7.07107  5.1328 -2.12608 -8.3147  6.53281 -2.70598 -7.07107  tri370
panel tri  7.07107 0 -7.07107  5.5557 0 -8.3147  5.1328 -2.12608 -8.3147  tri371
panel tri  6.53281 2.70598 -7.07107  5 5 -7.07107  5.1328 2.12608 -8.3147  tri372
panel tri  6.53281 2.70598 -7.07107  5.1328 2.12608 -8.3147  5.5557 0 -8.3147  tri373
panel tri  5 5 -7.07107  2.70598 6.53281 -7.07107  3.92847 3.92847 -8.3147  tri374
panel tri  5 5 -7.07107  3.92847 3.92847 -8.3147  5.1328 2.12608 -8.3147  tri375
panel tri  2.70598 6.53281 -7.07107  0 7.07107 -7.07107  2.12608 5.1328 -8.3147  tri376
panel tri  2.70598 6.53281 -7.07107  2.12608 5.1328 -8.3147  3.92847 3.92847 -8.3147  tri377
panel tri  0 7.07107 -7.07107  -2.70598 6.53281 -7.07107  -2.12608 5.1328 -8.3147  tri378
panel tri  0 7.07107 -7.07107  0 5.5557 -8.3147  2.12608 5.1328 -8.3147  tri379
panel tri  0 7.07107 -7.07107  -2.12608 5.1328 -8.3147  0 5.5557 -8.3147  tri380
panel tri  -2.70598 6.53281 -7.07107  -5 5 -7.07107  -3.92847 3.92847 -8.3147  tri381
panel tri  -2.70598 6.53281 -7.07107  -3.92847 3.92847 -8.3147  -2.12608 5.1328 -8.3147  tri382
panel tri  -5 5 -7.07107  -6.53281 2.70598 -7.07107  -3.92847 3.92847 -8.3147  tri383
panel tri  -6.53281 2.70598 -7.07107  -7.07107 0 -7.07107  -5.1328 2.12608 -8.3147  tri384
panel tri  -6.53281 2.70598 -7.07107  -5.1328 2.12608 -8.3147  -3.92847 3.92847 -8.3147  tri385
panel tri  -7.07107 0 -7.07107  -6.53281 -2.70598 -7.07107  -5.5557 0 -8.3147  tri386
panel tri  -7.07107 0 -7.07107  -5.5557 0 -8.3147  -5.1328 2.12608 -8.3147  tri387
panel tri  -6.53281 -2.70598 -7.07107  -5 -5 -7.07107  -5.1328 -2.12608 -8.3147  tri388
panel tri  -6.53281 -2.70598 -7.07107  -5.1328 -2.12608 -8.3147  -5.5557 0 -8.3147  tri389
panel tri  -5 -5 -7.07107  -2.70598 -6.53281 -7.07107  -2.12608 -5.1328 -8.3147  tri390
panel tri  -5 -5 -7.07107  -3.92847 -3.92847 -8.3147  -5.1328 -2.12608 -8.3147  tri391
panel tri  -5 -5 -7.07107  -2.12608 -5.1328 -8.3147  -3.92847 -3.92847 -8.3147  tri392
panel tri  -2.70598 -6.53281 -7.07107  0 -7.07107 -7.07107  -2.12608 -5.1328 -8.3147  tri393
panel tri  0 -7.07107 -7.07107  2.70598 -6.53281 -7.07107  0 -5.5557 -8.3147  tri394
panel tri  0 -7.07107 -7.07107  0 -5.5557 -8.3147  -2.12608 -5.1328 -8.3147  tri395
panel tri  2.70598 -6.53281 -7.07107  5 -5 -7.07107  3.92847 -3.92847 -8.3147  tri396
panel tri  2.70598 -6.53281 -7.07107  2.12608 -5.1328 -8.3147  0 -5.5557 -8.3147  tri397
panel tri  2.70598 -6.53281 -7.07107  3.92847 -3.92847 -8.3147  2.12608 -5.1328 -8.3147  tri398
panel tri  5 -5 -7.07107  6.53281 -2.70598 -7.07107  3.92847 -3.92847 -8.3147  tri399
panel tri  6.53281 -2.70598 -7.07107  5.1328 -2.12608 -8.3147  3.92847 -3.92847 -8.3147  tri400
panel tri  5.5557 0 -8.3147  5.1328 2.12608 -8.3147  3.53553 1.46447 -9.2388  tri401
panel tri  5.5557 0 -8.3147  3.53553 -1.46447 -9.2388  5.1328 -2.12608 -8.3147  tri402
panel tri  5.5557 0 -8.3147  3.53553 1.46447 -9.2388  3.82683 0 -9.2388  tri403
panel tri  5.5557 0 -8.3147  3.82683 0 -9.2388  3.53553 -1.46447 -9.2388  tri404
panel tri  5.1328 2.12608 -8.3147  3.92847 3.92847 -8.3147  3.53553 1.46447 -9.2388  tri405
panel tri  3.92847 3.92847 -8.3147  2.12608 5.1328 -8.3147  1.46447 3.53553 -9.2388  tri406
panel tri  3.92847 3.92847 -8.3147  2.70598 2.70598 -9.2388  3.53553 1.46447 -9.2388  tri407
panel tri  3.92847 3.92847 -8.3147  1.46447 3.53553 -9.2388  2.70598 2.70598 -9.2388  tri408
panel tri  2.12608 5.1328 -8.3147  0 5.5557 -8.3147  1.46447 3.53553 -9.2388  tri409
panel tri  0 5.5557 -8.3147  -2.12608 5.1328 -8.3147  0 3.82683 -9.2388  tri410
panel tri  0 5.5557 -8.3147  0 3.82683 -9.2388  1.46447 3.53553 -9.2388  tri411
panel tri  -2.12608 5.1328 -8.3147  -3.92847 3.92847 -8.3147  -2.70598 2.70598 -9.2388  tri412
panel tri  -2.12608 5.1328 -8.3147  -1.46447 3.53553 -9.2388  0 3.82683 -9.2388  tri413
panel tri  -2.12608 5.1328 -8.3147  -2.70598 2.70598 -9.2388  -1.46447 3.53553 -9.2388  tri414
panel tri  -3.92847 3.92847 -8.3147  -5.1328 2.12608 -8.3147  -2.70598 2.70598 -9.2388  tri415
panel tri  -5.1328 2.12608 -8.3147  -5.5557 0 -8.3147  -3.53553 1.46447 -9.2388  tri416
panel tri  -5.1328 2.12608 -8.3147  -3.53553 1.46447 -9.2388  -2.70598 2.70598 -9.2388  tri417
panel tri  -5.5557 0 -8.3147  -5.1328 -2.12608 -8.3147  -3.53553 -1.46447 -9.2388  tri418
panel tri  -5.5557 0 -8.3147  -3.82683 0 -9.2388  -3.53553 1.46447 -9.2388  tri419
panel tri  -5.5557 0 -8.3147  -3.53553 -1.46447 -9.2388  -3.82683 0 -9.2388  tri420
panel tri  -5.1328 -2.12608 -8.3147  -3.92847 -3.92847 -8.3147  -3.53553 -1.46447 -9.2388  tri421
panel tri  -3.92847 -3.92847 -8.3147  -2.12608 -5.1328 -8.3147  -1.46447 -3.53553 -9.2388  tri422
panel tri  -3.92847 -3.92847 -8.3147  -2.70598 -2.70598 -9.2388  -3.53553 -1.46447 -9.2388  tri423
panel tri  -3.92847 -3.92847 -8.3147  -1.46447 -3.53553 -9.2388  -2.70598 -2.70598 -9.2388  tri424
panel tri  -2.12608 -5.1328 -8.3147  0 -5.5557 -8.3147  0 -3.82683 -9.2388  tri425
panel tri  -2.12608 -5.1328 -8.3147  0 -3.82683 -9.2388  -1.46447 -3.53553 -9.2388  tri426
panel tri  0 -5.5557 -8.3147  2.12608 -5.1328 -8.3147  0 -3.82683 -9.2388  tri427
panel tri  2.12608 -5.1328 -8.3147  3.92847 -3.92847 -8.3147  2.70598 -2.70598 -9.2388  tri428
panel tri  2.12608 -5.1328 -8.3147  1.46447 -3.53553 -9.2388  0 -3.82683 -9.2388  tri429
panel tri  2.12608 -5.1328 -8.3147  2.70598 -2.70598 -9.2388  1.46447 -3.53553 -9.2388  tri430
panel tri  3.92847 -3.92847 -8.3147  5.1328 -2.12608 -8.3147  2.70598 -2.70598 -9.2388  tri431
panel tri  5.1328 -2.12608 -8.3147  3.53553 -1.46447 -9.2388  2.70598 -2.70598 -9.2388  tri432
panel tri  3.82683 0 -9.2388  3.53553 1.46447 -9.2388  1.8024 0.746578 -9.80785  tri433
panel tri  3.82683 0 -9.2388  1.9509 0 -9.80785  3.53553 -1.46447 -9.2388  tri434
panel tri  3.82683 0 -9.2388  1.8024 0.746578 -9.80785  1.9509 0 -9.80785  tri435
panel tri  3.53553 1.46447 -9.2388  2.70598 2.70598 -9.2388  1.8024 0.746578 -9.80785  tri436
panel tri  2.70598 2.70598 -9.2388  1.46447 3.53553 -9.2388  0.746578 1.8024 -9.80785  tri437
panel tri  2.70598 2.70598 -9.2388  1.3795 1.3795 -9.80785  1.8024 0.746578 -9.80785  tri438
panel tri  2.70598 2.70598 -9.2388  0.746578 1.8024 -9.80785  1.3795 1.3795 -9.80785  tri439
panel tri  1.46447 3.53553 -9.2388  0 3.82683 -9.2388  0 1.9509 -9.80785  tri440
panel tri  1.46447 3.53553 -9.2388  0 1.9509 -9.80785  0.746578 1.8024 -9.80785  tri441
panel tri  0 3.82683 -9.2388  -1.46447 3.53553 -9.2388  0 1.9509 -9.80785  tri442
panel tri  -1.46447 3.53553 -9.2388  -2.70598 2.70598 -9.2388  -1.3795 1.3795 -9.80785  tri443
panel tri  -1.46447 3.53553 -9.2388  -0.746578 1.8024 -9.80785  0 1.9509 -9.80785  tri444
panel tri  -1.46447 3.53553 -9.2388  -1.3795 1.3795 -9.80785  -0.746578 1.8024 -9.80785  tri445
panel tri  -2.70598 2.70598 -9.2388  -3.53553 1.46447 -9.2388  -1.3795 1.3795 -9.80785  tri446
panel tri  -3.53553 1.46447 -9.2388  -3.82683 0 -9.2388  -1.9509 0 -9.80785  tri447
panel tri  -3.53553 1.46447 -9.2388  -1.8024 0.746578 -9.80785  -1.3795 1.3795 -9.80785  tri448
panel tri  -3.53553 1.46447 -9.2388  -1.9509 0 -9.80785  -1.8024 0.746578 -9.80785  tri449
panel tri  -3.82683 0 -9.2388  -3.53553 -1.46447 -9.2388  -1.8024 -0.746578 -9.80785  tri450
panel tri  -3.82683 0 -9.2388  -1.8024 -0.746578 -9.80785  -1.9509 0 -9.80785  tri451
panel tri  -3.53553 -1.46447 -9.2388  -2.70598 -2.70598 -9.2388  -1.8024 -0.746578 -9.80785  tri452
panel tri  -2.70598 -2.70598 -9.2388  -1.46447 -3.53553 -9.2388  -0.746578 -1.8024 -9.80785  tri453
panel tri  -2.70598 -2.70598 -9.2388  -1.3795 -1.3795 -9.80785  -1.8024 -0.746578 -9.80785  tri454
panel tri  -2.70598 -2.70598 -9.2388  -0.746578 -1.8024 -9.80785  -1.3795 -1.3795 -9.80785  tri455
panel tri  -1.46447 -3.53553 -9.2388  0 -3.82683 -9.2388  0 -1.9509 -9.80785  tri456
panel tri  -1.46447 -3.53553 -9.2388  0 -1.9509 -9.80785  -0.746578 -1.8024 -9.80785  tri457
panel tri  0 -3.82683 -9.2388  1.46447 -3.53553 -9.2388  0 -1.9509 -9.80785  tri458
panel tri  1.46447 -3.53553 -9.2388  2.70598 -2.70598 -9.2388  1.3795 -1.3795 -9.80785  tri459
panel tri  1.46447 -3.53553 -9.2388  0.746578 -1.8024 -9.80785  0 -1.9509 -9.80785  tri460
panel tri  1.46447 -3.53553 -9.2388  1.3795 -1.3795 -9.80785  0.746578 -1.8024 -9.80785  tri461
panel tri  2.70598 -2.70598 -9.2388  3.53553 -1.46447 -9.2388  1.3795 -1.3795 -9.80785  tri462
panel tri  3.53553 -1.46447 -9.2388  1.9509 0 -9.80785  1.8024 -0.746578 -9.80785  tri463
panel tri  3.53553 -1.46447 -9.2388  1.8024 -0.746578 -9.80785  1.3795 -1.3795 -9.80785  tri464
panel tri  1.9509 0 -9.80785  1.8024 0.746578 -9.80785  0 0 -10  tri465
panel tri  1.9509 0 -9.80785  0 0 -10  1.8024 -0.746578 -9.80785  tri466
panel tri  1.8024 0.746578 -9.80785  1.3795 1.3795 -9.80785  0 0 -10  tri467
panel tri  1.3795 1.3795 -9.80785  0.746578 1.8024 -9.80785  0 0 -10  tri468
panel tri  0.746578 1.8024 -9.80785  0 1.9509 -9.80785  0 0 -10  tri469
panel tri  0 1.9509 -9.80785  -0.746578 1.8024 -9.80785  0 0 -10  tri470
panel tri  -0.746578 1.8024 -9.80785  -1.3795 1.3795 -9.80785  0 0 -10  tri471
panel tri  -1.3795 1.3795 -9.80785  -1.8024 0.746578 -9.80785  0 0 -10  tri472
panel tri  -1.8024 0.746578 -9.80785  -1.9509 0 -9.80785  0 0 -10  tri473
panel tri  -1.9509 0 -9.80785  -1.8024 -0.746578 -9.80785  0 0 -10  tri474
panel tri  -1.8024 -0.746578 -9.80785  -1.3795 -1.3795 -9.80785  0 0 -10  tri475
panel tri  -1.3795 -1.3795 -9.80785  -0.746578 -1.8024 -9.80785  0 0 -10  tri476
panel tri  -0.746578 -1.8024 -9.80785  0 -1.9509 -9.80785  0 0 -10  tri477
panel tri  0 -1.9509 -9.80785  0.746578 -1.8024 -9.80785  0 0 -10  tri478
panel tri  0.746578 -1.8024 -9.80785  1.3795 -1.3795 -9.80785  0 0 -10  tri479
panel tri  1.3795 -1.3795 -9.80785  1.8024 -0.746578 -9.80785  0 0 -10  tri480

end_file
