0 25 0 1 75 0 0 100 0
1 25 0 1 75 0 0 100 0
2 25 0 1 75 0 0 100 0
3 25 0 1 75 0 0 100 0
4 26 0 2 74 0 0 100 0
5 26 0 2 74 0 0 100 0
6 26 0 2 74 0 0 100 0
7 25 0 1 75 0 0 100 0
8 26 0 2 74 0 0 100 0
9 27 0 3 73 0 0 100 0
10 27 0 3 73 0 0 100 0
11 27 0 3 73 0 0 100 0
12 27 0 3 73 0 0 100 0
13 27 0 3 73 0 0 100 0
14 27 0 3 73 0 0 100 0
15 26 0 2 74 0 0 100 0
16 29 0 5 71 0 0 100 0
17 29 0 5 71 0 0 100 0
18 29 0 5 71 0 0 100 0
19 29 0 5 71 0 0 100 0
20 28 0 4 72 0 0 100 0
21 29 0 5 71 0 0 100 0
22 31 0 7 69 0 0 100 0
23 29 0 5 71 0 0 100 0
24 31 0 7 69 0 0 100 0
25 30 0 6 70 0 0 100 0
26 30 0 6 70 0 0 100 0
27 29 0 5 71 0 0 100 0
28 28 0 4 72 0 0 100 0
29 27 0 3 73 0 0 100 0
30 27 0 3 73 0 0 100 0
31 30 0 6 70 0 0 100 0
32 29 0 5 71 0 0 100 0
33 28 0 4 72 0 0 100 0
34 28 0 4 72 0 0 100 0
35 28 0 4 72 0 0 100 0
36 27 0 3 73 0 0 100 0
37 26 0 2 74 0 0 100 0
38 25 0 1 75 0 0 100 0
39 25 0 1 75 0 0 100 0
40 25 0 1 75 0 0 100 0
41 26 0 2 74 0 0 100 0
42 28 0 4 72 0 0 100 0
43 28 0 4 72 0 0 100 0
44 27 0 3 73 0 0 100 0
45 29 0 5 71 0 0 100 0
46 28 0 4 72 0 0 100 0
47 29 0 5 71 0 0 100 0
48 29 0 5 71 0 0 100 0
49 30 0 6 70 0 0 100 0
50 29 0 5 71 0 0 100 0
51 28 0 4 72 0 0 100 0
52 27 0 3 73 0 0 100 0
53 29 0 5 71 0 0 100 0
54 28 0 4 72 0 0 100 0
55 29 0 5 71 0 0 100 0
56 30 0 6 70 0 0 100 0
57 28 0 4 72 0 0 100 0
58 29 0 5 71 0 0 100 0
59 30 0 6 70 0 0 100 0
60 29 0 5 71 0 0 100 0
61 29 0 5 71 0 0 100 0
62 29 0 5 71 0 0 100 0
63 27 0 3 73 0 0 100 0
64 27 0 3 73 0 0 100 0
65 28 0 4 72 0 0 100 0
66 26 0 2 74 0 0 100 0
67 27 0 3 73 0 0 100 0
68 28 0 4 72 0 0 100 0
69 28 0 4 72 0 0 100 0
70 29 0 5 71 0 0 100 0
71 27 0 3 73 0 0 100 0
72 28 0 4 72 0 0 100 0
73 28 0 4 72 0 0 100 0
74 30 0 6 70 0 0 100 0
75 31 0 7 69 0 0 100 0
76 31 0 7 69 0 0 100 0
77 32 0 8 68 0 0 100 0
78 32 0 8 68 0 0 100 0
79 33 0 9 67 0 0 100 0
80 32 0 8 68 0 0 100 0
81 32 0 8 68 0 0 100 0
82 32 0 8 68 0 0 100 0
83 31 0 7 69 0 0 100 0
84 30 0 6 70 0 0 100 0
85 30 0 6 70 0 0 100 0
86 30 0 6 70 0 0 100 0
87 30 0 6 70 0 0 100 0
88 31 0 7 69 0 0 100 0
89 31 0 7 69 0 0 100 0
90 31 0 7 69 0 0 100 0
91 32 0 8 68 0 0 100 0
92 32 0 8 68 0 0 100 0
93 31 0 7 69 0 0 100 0
94 30 0 6 70 0 0 100 0
95 30 0 6 70 0 0 100 0
96 30 0 6 70 0 0 100 0
97 31 0 7 69 0 0 100 0
98 32 0 8 68 0 0 100 0
99 31 0 7 69 0 0 100 0
100 29 0 5 71 0 0 100 0
101 30 0 6 70 0 0 100 0
102 30 0 6 70 0 0 100 0
103 32 0 8 68 0 0 100 0
104 31 0 7 69 0 0 100 0
105 31 0 7 69 0 0 100 0
106 27 0 3 73 0 0 100 0
107 28 0 4 72 0 0 100 0
108 29 0 5 71 0 0 100 0
109 29 0 5 71 0 0 100 0
110 29 0 5 71 0 0 100 0
111 29 0 5 71 0 0 100 0
112 29 0 5 71 0 0 100 0
113 29 0 5 71 0 0 100 0
114 30 0 6 70 0 0 100 0
115 30 0 6 70 0 0 100 0
116 29 0 5 71 0 0 100 0
117 29 0 5 71 0 0 100 0
118 28 0 4 72 0 0 100 0
119 28 0 4 72 0 0 100 0
120 28 0 4 72 0 0 100 0
121 28 0 4 72 0 0 100 0
122 27 0 3 73 0 0 100 0
123 27 0 3 73 0 0 100 0
124 27 0 3 73 0 0 100 0
125 27 0 3 73 0 0 100 0
126 27 0 3 73 0 0 100 0
127 27 0 3 73 0 0 100 0
128 26 0 2 74 0 0 100 0
129 26 0 2 74 0 0 100 0
130 28 0 4 72 0 0 100 0
131 28 0 4 72 0 0 100 0
132 29 0 5 71 0 0 100 0
133 29 0 5 71 0 0 100 0
134 29 0 5 71 0 0 100 0
135 31 0 7 69 0 0 100 0
136 31 0 7 69 0 0 100 0
137 32 0 8 68 0 0 100 0
138 32 0 8 68 0 0 100 0
139 32 0 8 68 0 0 100 0
140 32 0 8 68 0 0 100 0
141 34 0 10 66 0 0 100 0
142 35 0 11 65 0 0 100 0
143 34 0 10 66 0 0 100 0
144 31 0 7 69 0 0 100 0
145 31 0 7 69 0 0 100 0
146 31 0 7 69 0 0 100 0
147 31 0 7 69 0 0 100 0
148 31 0 7 69 0 0 100 0
149 31 0 7 69 0 0 100 0
150 30 0 6 70 0 0 100 0
151 31 0 7 69 0 0 100 0
152 33 0 9 67 0 0 100 0
153 32 0 8 68 0 0 100 0
154 32 0 8 68 0 0 100 0
155 33 0 9 67 0 0 100 0
156 32 0 8 68 0 0 100 0
157 30 0 6 70 0 0 100 0
158 31 0 7 69 0 0 100 0
159 31 0 7 69 0 0 100 0
160 31 0 7 69 0 0 100 0
161 31 0 7 69 0 0 100 0
162 31 0 7 69 0 0 100 0
163 33 0 9 67 0 0 100 0
164 32 0 8 68 0 0 100 0
165 33 0 9 67 0 0 100 0
166 33 0 9 67 0 0 100 0
167 34 0 10 66 0 0 100 0
168 33 0 9 67 0 0 100 0
169 33 0 9 67 0 0 100 0
170 33 0 9 67 0 0 100 0
171 34 0 10 66 0 0 100 0
172 34 0 10 66 0 0 100 0
173 34 0 10 66 0 0 100 0
174 34 0 10 66 0 0 100 0
175 33 0 9 67 0 0 100 0
176 32 0 8 68 0 0 100 0
177 33 0 9 67 0 0 100 0
178 33 0 9 67 0 0 100 0
179 34 0 10 66 0 0 100 0
180 32 0 8 68 0 0 100 0
181 32 0 8 68 0 0 100 0
182 32 0 8 68 0 0 100 0
183 32 0 8 68 0 0 100 0
184 32 0 8 68 0 0 100 0
185 31 0 7 69 0 0 100 0
186 32 0 8 68 0 0 100 0
187 33 0 9 67 0 0 100 0
188 32 0 8 68 0 0 100 0
189 31 0 7 69 0 0 100 0
190 32 0 8 68 0 0 100 0
191 32 0 8 68 0 0 100 0
192 31 0 7 69 0 0 100 0
193 31 0 7 69 0 0 100 0
194 30 0 6 70 0 0 100 0
195 29 0 5 71 0 0 100 0
196 29 0 5 71 0 0 100 0
197 30 0 6 70 0 0 100 0
198 29 0 5 71 0 0 100 0
199 30 0 6 70 0 0 100 0
200 29 0 5 71 0 0 100 0
201 29 0 5 71 0 0 100 0
202 29 0 5 71 0 0 100 0
203 28 0 4 72 0 0 100 0
204 28 0 4 72 0 0 100 0
205 28 0 4 72 0 0 100 0
206 28 0 4 72 0 0 100 0
207 28 0 4 72 0 0 100 0
208 28 0 4 72 0 0 100 0
209 27 0 3 73 0 0 100 0
210 27 0 3 73 0 0 100 0
211 28 0 4 72 0 0 100 0
212 28 0 4 72 0 0 100 0
213 29 0 5 71 0 0 100 0
214 30 0 6 70 0 0 100 0
215 31 0 7 69 0 0 100 0
216 31 0 7 69 0 0 100 0
217 33 0 9 67 0 0 100 0
218 31 0 7 69 0 0 100 0
219 30 0 6 70 0 0 100 0
220 31 0 7 69 0 0 100 0
221 32 0 8 68 0 0 100 0
222 32 0 8 68 0 0 100 0
223 32 0 8 68 0 0 100 0
224 32 0 8 68 0 0 100 0
225 30 0 6 70 0 0 100 0
226 31 0 7 69 0 0 100 0
227 30 0 6 70 0 0 100 0
228 30 0 6 70 0 0 100 0
229 32 0 8 68 0 0 100 0
230 31 0 7 69 0 0 100 0
231 32 0 8 68 0 0 100 0
232 31 0 7 69 0 0 100 0
233 31 0 7 69 0 0 100 0
234 32 0 8 68 0 0 100 0
235 32 0 8 68 0 0 100 0
236 32 0 8 68 0 0 100 0
237 33 0 9 67 0 0 100 0
238 34 0 10 66 0 0 100 0
239 32 0 8 68 0 0 100 0
240 31 0 7 69 0 0 100 0
241 33 0 9 67 0 0 100 0
242 33 0 9 67 0 0 100 0
243 32 0 8 68 0 0 100 0
244 29 0 5 71 0 0 100 0
245 29 0 5 71 0 0 100 0
246 28 0 4 72 0 0 100 0
247 29 0 5 71 0 0 100 0
248 30 0 6 70 0 0 100 0
249 28 0 4 72 0 0 100 0
250 28 0 4 72 0 0 100 0
251 28 0 4 72 0 0 100 0
252 29 0 5 71 0 0 100 0
253 30 0 6 70 0 0 100 0
254 30 0 6 70 0 0 100 0
255 30 0 6 70 0 0 100 0
256 30 0 6 70 0 0 100 0
257 30 0 6 70 0 0 100 0
258 31 0 7 69 0 0 100 0
259 31 0 7 69 0 0 100 0
260 32 0 8 68 0 0 100 0
261 32 0 8 68 0 0 100 0
262 32 0 8 68 0 0 100 0
263 30 0 6 70 0 0 100 0
264 30 0 6 70 0 0 100 0
265 29 0 5 71 0 0 100 0
266 30 0 6 70 0 0 100 0
267 30 0 6 70 0 0 100 0
268 30 0 6 70 0 0 100 0
269 30 0 6 70 0 0 100 0
270 29 0 5 71 0 0 100 0
271 28 0 4 72 0 0 100 0
272 29 0 5 71 0 0 100 0
273 29 0 5 71 0 0 100 0
274 29 0 5 71 0 0 100 0
275 29 0 5 71 0 0 100 0
276 28 0 4 72 0 0 100 0
277 28 0 4 72 0 0 100 0
278 28 0 4 72 0 0 100 0
279 28 0 4 72 0 0 100 0
280 29 0 5 71 0 0 100 0
281 29 0 5 71 0 0 100 0
282 32 0 8 68 0 0 100 0
283 32 0 8 68 0 0 100 0
284 32 0 8 68 0 0 100 0
285 31 0 7 69 0 0 100 0
286 30 0 6 70 0 0 100 0
287 29 0 5 71 0 0 100 0
288 29 0 5 71 0 0 100 0
289 29 0 5 71 0 0 100 0
290 29 0 5 71 0 0 100 0
291 30 0 6 70 0 0 100 0
292 31 0 7 69 0 0 100 0
293 29 0 5 71 0 0 100 0
294 28 0 4 72 0 0 100 0
295 28 0 4 72 0 0 100 0
296 27 0 3 73 0 0 100 0
297 27 0 3 73 0 0 100 0
298 28 0 3 72 0 0 100 0
299 29 0 4 71 0 0 100 0
300 31 0 6 69 0 0 100 0
301 32 0 7 68 0 0 100 0
302 31 0 6 69 0 0 100 0
303 32 0 7 68 0 0 100 0
304 33 0 8 67 0 0 100 0
305 33 0 8 67 0 0 100 0
306 31 0 6 69 0 0 100 0
307 31 0 6 69 0 0 100 0
308 31 0 6 69 0 0 100 0
309 31 0 6 69 0 0 100 0
310 32 0 7 68 0 0 100 0
311 33 0 8 67 0 0 100 0
312 33 0 8 67 0 0 100 0
313 33 0 8 67 0 0 100 0
314 33 0 8 67 0 0 100 0
315 33 0 8 67 0 0 100 0
316 34 0 9 66 0 0 100 0
317 35 0 10 65 0 0 100 0
318 35 0 10 65 0 0 100 0
319 33 0 8 67 0 0 100 0
320 33 0 8 67 0 0 100 0
321 33 0 8 67 0 0 100 0
322 34 0 9 66 0 0 100 0
323 34 0 9 66 0 0 100 0
324 33 0 8 67 0 0 100 0
325 34 0 9 66 0 0 100 0
326 34 0 9 66 0 0 100 0
327 31 0 6 69 0 0 100 0
328 32 0 7 68 0 0 100 0
329 32 0 7 68 0 0 100 0
330 32 0 7 68 0 0 100 0
331 30 0 5 70 0 0 100 0
332 31 0 6 69 0 0 100 0
333 30 0 5 70 0 0 100 0
334 31 0 6 69 0 0 100 0
335 33 0 8 67 0 0 100 0
336 32 0 7 68 0 0 100 0
337 32 0 7 68 0 0 100 0
338 32 0 7 68 0 0 100 0
339 33 0 8 67 0 0 100 0
340 31 0 6 69 0 0 100 0
341 31 0 6 69 0 0 100 0
342 31 0 6 69 0 0 100 0
343 32 0 7 68 0 0 100 0
344 32 0 7 68 0 0 100 0
345 32 0 7 68 0 0 100 0
346 32 0 7 68 0 0 100 0
347 30 0 5 70 0 0 100 0
348 29 0 4 71 0 0 100 0
349 29 0 4 71 0 0 100 0
350 30 0 5 70 0 0 100 0
351 31 0 6 69 0 0 100 0
352 30 0 5 70 0 0 100 0
353 32 0 7 68 0 0 100 0
354 32 0 7 68 0 0 100 0
355 31 0 6 69 0 0 100 0
356 32 0 7 68 0 0 100 0
357 33 0 8 67 0 0 100 0
358 33 0 8 67 0 0 100 0
359 32 0 7 68 0 0 100 0
360 31 0 6 69 0 0 100 0
361 32 0 7 68 0 0 100 0
362 31 0 6 69 0 0 100 0
363 32 0 7 68 0 0 100 0
364 32 0 7 68 0 0 100 0
365 32 0 7 68 0 0 100 0
366 31 0 6 69 0 0 100 0
367 31 0 6 69 0 0 100 0
368 30 0 5 70 0 0 100 0
369 29 0 4 71 0 0 100 0
370 30 0 5 70 0 0 100 0
371 30 0 5 70 0 0 100 0
372 29 0 4 71 0 0 100 0
373 29 0 4 71 0 0 100 0
374 29 0 4 71 0 0 100 0
375 30 0 5 70 0 0 100 0
376 30 0 5 70 0 0 100 0
377 31 0 6 69 0 0 100 0
378 32 0 7 68 0 0 100 0
379 30 0 5 70 0 0 100 0
380 29 0 4 71 0 0 100 0
381 30 0 5 70 0 0 100 0
382 30 0 4 70 0 0 100 0
383 30 0 4 70 0 0 100 0
384 30 0 4 70 0 0 100 0
385 30 0 4 70 0 0 100 0
386 30 0 4 70 0 0 100 0
387 30 0 4 70 0 0 100 0
388 29 0 3 71 0 0 100 0
389 29 0 3 71 0 0 100 0
390 30 0 4 70 0 0 100 0
391 30 0 4 70 0 0 100 0
392 29 0 3 71 0 0 100 0
393 30 0 4 70 0 0 100 0
394 30 0 4 70 0 0 100 0
395 30 0 4 70 0 0 100 0
396 30 0 4 70 0 0 100 0
397 31 0 5 69 0 0 100 0
398 31 0 5 69 0 0 100 0
399 30 0 4 70 0 0 100 0
400 31 0 5 69 0 0 100 0
401 31 0 5 69 0 0 100 0
402 32 0 6 68 0 0 100 0
403 33 0 7 67 0 0 100 0
404 31 0 5 69 0 0 100 0
405 31 0 5 69 0 0 100 0
406 32 0 6 68 0 0 100 0
407 32 0 6 68 0 0 100 0
408 31 0 5 69 0 0 100 0
409 31 0 5 69 0 0 100 0
410 31 0 5 69 0 0 100 0
411 31 0 5 69 0 0 100 0
412 32 0 6 68 0 0 100 0
413 32 0 6 68 0 0 100 0
414 32 0 6 68 0 0 100 0
415 32 0 6 68 0 0 100 0
416 32 0 6 68 0 0 100 0
417 32 0 6 68 0 0 100 0
418 33 0 7 67 0 0 100 0
419 35 0 9 65 0 0 100 0
420 34 0 8 66 0 0 100 0
421 35 0 9 65 0 0 100 0
422 35 0 9 65 0 0 100 0
423 34 0 8 66 0 0 100 0
424 34 0 8 66 0 0 100 0
425 33 0 7 67 0 0 100 0
426 34 0 8 66 0 0 100 0
427 33 0 7 67 0 0 100 0
428 34 0 8 66 0 0 100 0
429 35 0 9 65 0 0 100 0
430 34 0 8 66 0 0 100 0
431 34 0 8 66 0 0 100 0
432 34 0 8 66 0 0 100 0
433 34 0 8 66 0 0 100 0
434 33 0 7 67 0 0 100 0
435 34 0 8 66 0 0 100 0
436 33 0 7 67 0 0 100 0
437 33 0 7 67 0 0 100 0
438 33 0 7 67 0 0 100 0
439 33 0 7 67 0 0 100 0
440 33 0 7 67 0 0 100 0
441 33 0 7 67 0 0 100 0
442 33 0 7 67 0 0 100 0
443 32 0 6 68 0 0 100 0
444 32 0 6 68 0 0 100 0
445 33 0 7 67 0 0 100 0
446 33 0 7 67 0 0 100 0
447 33 0 7 67 0 0 100 0
448 33 0 7 67 0 0 100 0
449 33 0 7 67 0 0 100 0
450 32 0 6 68 0 0 100 0
451 33 0 7 67 0 0 100 0
452 34 0 8 66 0 0 100 0
453 34 0 8 66 0 0 100 0
454 33 0 7 67 0 0 100 0
455 33 0 7 67 0 0 100 0
456 32 0 6 68 0 0 100 0
457 32 0 6 68 0 0 100 0
458 32 0 6 68 0 0 100 0
459 29 0 3 71 0 0 100 0
460 29 0 3 71 0 0 100 0
461 30 0 4 70 0 0 100 0
462 30 0 4 70 0 0 100 0
463 30 0 4 70 0 0 100 0
464 31 0 5 69 0 0 100 0
465 30 0 4 70 0 0 100 0
466 29 0 3 71 0 0 100 0
467 30 0 4 70 0 0 100 0
468 31 0 5 69 0 0 100 0
469 31 0 5 69 0 0 100 0
470 30 0 4 70 0 0 100 0
471 30 0 4 70 0 0 100 0
472 30 0 4 70 0 0 100 0
473 29 0 3 71 0 0 100 0
474 29 0 3 71 0 0 100 0
475 27 0 1 73 0 0 100 0
476 27 0 1 73 0 0 100 0
477 27 0 1 73 0 0 100 0
478 27 0 1 73 0 0 100 0
479 29 0 3 71 0 0 100 0
480 30 0 4 70 0 0 100 0
481 29 0 3 71 0 0 100 0
482 29 0 3 71 0 0 100 0
483 29 0 3 71 0 0 100 0
484 29 0 3 71 0 0 100 0
485 30 0 4 70 0 0 100 0
486 29 0 3 71 0 0 100 0
487 30 0 4 70 0 0 100 0
488 31 0 5 69 0 0 100 0
489 31 0 5 69 0 0 100 0
490 31 0 5 69 0 0 100 0
491 31 0 5 69 0 0 100 0
492 32 0 6 68 0 0 100 0
493 32 0 6 68 0 0 100 0
494 32 0 6 68 0 0 100 0
495 32 0 6 68 0 0 100 0
496 32 0 6 68 0 0 100 0
497 33 0 7 67 0 0 100 0
498 33 0 7 67 0 0 100 0
499 33 0 7 67 0 0 100 0
500 34 0 8 66 0 0 100 0
501 34 0 8 66 0 0 100 0
502 34 0 8 66 0 0 100 0
503 35 0 9 65 0 0 100 0
504 36 0 10 64 0 0 100 0
505 35 0 9 65 0 0 100 0
506 35 0 9 65 0 0 100 0
507 35 0 9 65 0 0 100 0
508 35 0 9 65 0 0 100 0
509 35 0 9 65 0 0 100 0
510 36 0 10 64 0 0 100 0
511 35 0 9 65 0 0 100 0
512 34 0 8 66 0 0 100 0
513 34 0 8 66 0 0 100 0
514 34 0 8 66 0 0 100 0
515 33 0 7 67 0 0 100 0
516 33 0 7 67 0 0 100 0
517 33 0 7 67 0 0 100 0
518 34 0 8 66 0 0 100 0
519 34 0 8 66 0 0 100 0
520 35 0 9 65 0 0 100 0
520.62 36 0 10 64 0 0 100 0
