0 10000 0 0 0
1 8551 917 441 91
2 7304 1684 837 175
3 6286 2317 1162 235
4 5352 2887 1471 290
5 4552 3407 1695 346
6 3877 3853 1898 372
7 3307 4211 2079 403
8 2864 4473 2228 435
9 2444 4749 2350 457
10 2067 4988 2465 480
11 1790 5172 2540 498
12 1533 5351 2604 512
13 1303 5514 2659 524
14 1095 5637 2730 538
15 944 5733 2775 548
16 816 5815 2816 553
17 687 5884 2865 564
18 577 5952 2903 568
19 487 6017 2923 573
20 409 6062 2949 580
21 359 6098 2961 582
22 312 6127 2974 587
23 271 6153 2987 589
24 228 6180 2997 595
25 190 6201 3010 599
26 155 6222 3021 602
27 123 6239 3034 604
28 98 6254 3044 604
29 83 6264 3049 604
30 73 6272 3051 604
31 65 6278 3053 604
32 56 6286 3054 604
33 46 6290 3057 607
34 45 6290 3058 607
35 36 6294 3062 608
36 26 6302 3063 609
37 23 6304 3064 609
38 22 6305 3064 609
39 16 6307 3068 609
40 15 6308 3068 609
41 14 6308 3069 609
42 12 6309 3070 609
43 9 6311 3071 609
44 9 6311 3071 609
45 5 6313 3073 609
46 3 6314 3073 610
47 3 6314 3073 610
48 3 6314 3073 610
49 1 6316 3073 610
50 1 6316 3073 610
