0 1000 1000 1000
0.01 1000 989 918
0.02 998 982 829
0.03 995 968 751
0.04 994 956 678
0.05 994 947 619
0.06 992 937 569
0.07 988 933 513
0.08 988 921 460
0.09 985 909 423
0.1 981 903 384
0.11 981 896 339
0.12 978 885 305
0.13 978 880 279
0.14 978 874 250
0.15 978 864 228
0.16 978 858 212
0.17 977 852 194
0.18 977 845 166
0.19 977 833 153
0.2 976 826 147
0.21 976 816 131
0.22 975 806 118
0.23 972 804 99
0.24 970 795 94
0.25 968 785 89
0.26 967 780 82
0.27 966 768 76
0.28 963 756 64
0.29 963 747 60
0.3 963 740 57
0.31 963 731 49
0.32 959 725 44
0.33 957 716 40
0.34 956 713 38
0.35 954 705 37
0.36 953 700 34
0.37 952 692 32
0.38 951 688 29
0.39 950 678 26
0.4 949 670 25
0.41 947 666 21
0.42 947 662 20
0.43 947 656 17
0.44 946 650 14
0.45 944 642 14
0.46 943 635 12
0.47 941 626 11
0.48 939 623 11
0.49 936 612 11
0.5 936 606 8
0.51 935 598 8
0.52 935 589 8
0.53 934 584 6
0.54 934 577 6
0.55 934 574 6
0.56 932 570 6
0.57 932 566 5
0.58 931 559 5
0.59 931 551 5
0.6 927 545 5
0.61 925 537 5
0.62 924 533 4
0.63 924 527 4
0.64 924 520 4
0.65 923 513 4
0.66 923 510 2
0.67 923 509 2
0.68 922 505 2
0.69 922 496 2
0.7 922 490 1
0.71 922 483 0
0.72 921 477 0
0.73 919 474 0
0.74 919 470 0
0.75 919 466 0
0.76 918 461 0
0.77 918 457 0
0.78 917 455 0
0.79 917 449 0
0.8 914 445 0
0.81 914 441 0
0.82 911 437 0
0.83 910 433 0
0.84 910 425 0
0.85 910 423 0
0.86 908 421 0
0.87 907 419 0
0.88 904 414 0
0.89 902 411 0
0.9 900 408 0
0.91 900 403 0
0.92 898 398 0
0.93 897 394 0
0.94 896 391 0
0.95 895 382 0
0.96 895 379 0
0.97 895 376 0
0.98 895 368 0
0.99 895 364 0
1 895 359 0
1.01 894 355 0
1.02 892 352 0
1.03 891 348 0
1.04 889 344 0
1.05 888 340 0
1.06 886 335 0
1.07 883 329 0
1.08 883 326 0
1.09 882 323 0
1.1 882 320 0
1.11 882 313 0
1.12 881 310 0
1.13 880 305 0
1.14 880 305 0
1.15 880 299 0
1.16 879 295 0
1.17 879 290 0
1.18 879 289 0
1.19 879 286 0
1.2 876 284 0
1.21 875 281 0
1.22 875 279 0
1.23 874 274 0
1.24 874 273 0
1.25 872 270 0
1.26 871 268 0
1.27 871 266 0
1.28 870 264 0
1.29 870 263 0
1.3 867 261 0
1.31 865 259 0
1.32 863 257 0
1.33 862 256 0
1.34 861 254 0
1.35 860 252 0
1.36 860 251 0
1.37 860 250 0
1.38 859 248 0
1.39 857 246 0
1.4 857 245 0
1.41 856 240 0
1.42 856 239 0
1.43 855 237 0
1.44 854 235 0
1.45 854 230 0
1.46 854 229 0
1.47 853 227 0
1.48 852 225 0
1.49 850 224 0
1.5 849 220 0
1.51 848 220 0
1.52 848 216 0
1.53 847 214 0
1.54 846 212 0
1.55 846 210 0
1.56 846 207 0
1.57 846 206 0
1.58 845 205 0
1.59 843 204 0
1.6 843 201 0
1.61 839 200 0
1.62 839 199 0
1.63 838 198 0
1.64 837 197 0
1.65 837 197 0
1.66 836 195 0
1.67 835 194 0
1.68 834 193 0
1.69 834 192 0
1.7 833 190 0
1.71 833 188 0
1.72 833 185 0
1.73 832 184 0
1.74 831 181 0
1.75 830 178 0
1.76 830 177 0
1.77 827 173 0
1.78 826 172 0
1.79 825 171 0
1.8 824 171 0
1.81 823 166 0
1.82 822 164 0
1.83 822 162 0
1.84 821 159 0
1.85 819 158 0
1.86 818 157 0
1.87 818 157 0
1.88 818 155 0
1.89 818 152 0
1.9 816 152 0
1.91 815 152 0
1.92 814 151 0
1.93 813 150 0
1.94 811 149 0
1.95 809 147 0
1.96 809 147 0
1.97 808 146 0
1.98 807 144 0
1.99 807 140 0
2 805 139 0
2.01 805 139 0
2.02 803 135 0
2.03 802 132 0
2.04 802 131 0
2.05 801 129 0
2.06 800 128 0
2.07 800 126 0
2.08 800 126 0
2.09 800 125 0
2.1 800 122 0
2.11 799 122 0
2.12 799 119 0
2.13 797 118 0
2.14 796 117 0
2.15 796 116 0
2.16 795 115 0
2.17 792 114 0
2.18 791 111 0
2.19 790 111 0
2.2 790 108 0
2.21 790 108 0
2.22 789 107 0
2.23 789 107 0
2.24 788 107 0
2.25 787 106 0
2.26 786 106 0
2.27 785 101 0
2.28 785 99 0
2.29 785 98 0
2.3 783 97 0
2.31 782 95 0
2.32 780 95 0
2.33 780 93 0
2.34 778 93 0
2.35 778 92 0
2.36 778 92 0
2.37 777 90 0
2.38 774 90 0
2.39 773 89 0
2.4 772 89 0
2.41 772 89 0
2.42 771 88 0
2.43 770 84 0
2.44 770 84 0
2.45 768 84 0
2.46 768 83 0
2.47 766 83 0
2.48 766 83 0
2.49 765 83 0
2.5 765 83 0
2.51 764 83 0
2.52 762 82 0
2.53 760 80 0
2.54 757 79 0
2.55 757 79 0
2.56 757 77 0
2.57 757 76 0
2.58 757 75 0
2.59 757 75 0
2.6 756 75 0
2.61 755 74 0
2.62 755 73 0
2.63 754 73 0
2.64 754 73 0
2.65 752 72 0
2.66 752 72 0
2.67 751 71 0
2.68 751 71 0
2.69 749 71 0
2.7 749 70 0
2.71 748 70 0
2.72 747 70 0
2.73 747 68 0
2.74 746 67 0
2.75 744 67 0
2.76 742 66 0
2.77 741 66 0
2.78 741 65 0
2.79 740 64 0
2.8 740 63 0
2.81 739 62 0
2.82 739 62 0
2.83 738 61 0
2.84 737 61 0
2.85 736 61 0
2.86 736 60 0
2.87 735 59 0
2.88 734 58 0
2.89 734 58 0
2.9 733 57 0
2.91 733 56 0
2.92 732 55 0
2.93 732 55 0
2.94 730 54 0
2.95 729 52 0
2.96 729 52 0
2.97 728 51 0
2.98 728 50 0
2.99 727 49 0
3 725 49 0
3.01 723 49 0
3.02 722 49 0
3.03 722 49 0
3.04 721 49 0
3.05 721 49 0
3.06 720 49 0
3.07 720 49 0
3.08 718 49 0
3.09 718 49 0
3.1 718 49 0
3.11 717 49 0
3.12 716 49 0
3.13 716 47 0
3.14 716 47 0
3.15 716 46 0
3.16 714 45 0
3.17 714 45 0
3.18 714 45 0
3.19 713 42 0
3.2 711 38 0
3.21 711 38 0
3.22 709 38 0
3.23 708 38 0
3.24 708 37 0
3.25 705 37 0
3.26 704 36 0
3.27 703 36 0
3.28 703 36 0
3.29 703 36 0
3.3 700 36 0
3.31 700 36 0
3.32 700 36 0
3.33 699 36 0
3.34 698 36 0
3.35 698 36 0
3.36 698 36 0
3.37 698 35 0
3.38 698 33 0
3.39 697 33 0
3.4 696 32 0
3.41 696 31 0
3.42 695 31 0
3.43 694 31 0
3.44 691 31 0
3.45 691 31 0
3.46 691 31 0
3.47 691 31 0
3.48 691 30 0
3.49 691 30 0
3.5 691 30 0
3.51 691 30 0
3.52 691 30 0
3.53 691 30 0
3.54 690 30 0
3.55 690 30 0
3.56 690 30 0
3.57 689 30 0
3.58 689 30 0
3.59 689 30 0
3.6 688 30 0
3.61 688 30 0
3.62 686 30 0
3.63 683 30 0
3.64 683 30 0
3.65 682 30 0
3.66 682 30 0
3.67 681 30 0
3.68 681 30 0
3.69 680 29 0
3.7 680 29 0
3.71 680 29 0
3.72 679 28 0
3.73 677 28 0
3.74 677 28 0
3.75 675 28 0
3.76 675 27 0
3.77 675 27 0
3.78 675 27 0
3.79 675 26 0
3.8 675 26 0
3.81 675 26 0
3.82 674 26 0
3.83 674 26 0
3.84 673 26 0
3.85 671 26 0
3.86 671 25 0
3.87 670 25 0
3.88 670 25 0
3.89 668 25 0
3.9 668 25 0
3.91 667 24 0
3.92 667 24 0
3.93 666 24 0
3.94 665 24 0
3.95 665 24 0
3.96 665 22 0
3.97 665 22 0
3.98 665 22 0
3.99 665 22 0
4 665 22 0
4.01 664 21 0
4.02 664 21 0
4.03 662 21 0
4.04 662 21 0
4.05 662 21 0
4.06 660 21 0
4.07 659 20 0
4.08 659 20 0
4.09 659 20 0
4.1 658 20 0
4.11 658 19 0
4.12 658 18 0
4.13 657 18 0
4.14 656 18 0
4.15 653 18 0
4.16 651 17 0
4.17 651 17 0
4.18 651 17 0
4.19 650 17 0
4.2 650 17 0
4.21 649 17 0
4.22 648 17 0
4.23 648 17 0
4.24 647 17 0
4.25 647 17 0
4.26 645 17 0
4.27 644 16 0
4.28 643 16 0
4.29 641 16 0
4.3 641 16 0
4.31 641 16 0
4.32 641 16 0
4.33 641 16 0
4.34 641 16 0
4.35 641 15 0
4.36 641 15 0
4.37 639 15 0
4.38 638 14 0
4.39 636 14 0
4.4 636 14 0
4.41 636 13 0
4.42 636 13 0
4.43 635 13 0
4.44 634 13 0
4.45 633 13 0
4.46 633 13 0
4.47 632 13 0
4.48 632 13 0
4.49 631 13 0
4.5 630 13 0
4.51 629 13 0
4.52 629 13 0
4.53 629 13 0
4.54 629 12 0
4.55 628 12 0
4.56 628 12 0
4.57 627 12 0
4.58 627 12 0
4.59 625 12 0
4.6 624 12 0
4.61 624 12 0
4.62 623 12 0
4.63 621 12 0
4.64 620 11 0
4.65 617 11 0
4.66 616 11 0
4.67 616 11 0
4.68 616 11 0
4.69 614 11 0
4.7 614 11 0
4.71 614 11 0
4.72 613 11 0
4.73 613 10 0
4.74 613 10 0
4.75 612 10 0
4.76 612 10 0
4.77 612 10 0
4.78 612 10 0
4.79 612 10 0
4.8 612 10 0
4.81 612 10 0
4.82 611 10 0
4.83 611 10 0
4.84 611 9 0
4.85 611 9 0
4.86 610 8 0
4.87 609 8 0
4.88 609 8 0
4.89 609 7 0
4.9 609 7 0
4.91 609 7 0
4.92 609 7 0
4.93 609 7 0
4.94 609 7 0
4.95 609 7 0
4.96 609 7 0
4.97 608 7 0
4.98 607 7 0
4.99 607 7 0
5 607 7 0
5.01 606 7 0
5.02 605 7 0
5.03 603 7 0
5.04 603 7 0
5.05 603 7 0
5.06 603 7 0
5.07 601 7 0
5.08 601 7 0
5.09 600 7 0
5.1 600 7 0
5.11 600 7 0
5.12 599 7 0
5.13 599 7 0
5.14 599 7 0
5.15 599 7 0
5.16 598 7 0
5.17 598 7 0
5.18 598 7 0
5.19 598 7 0
5.2 597 7 0
5.21 596 7 0
5.22 596 7 0
5.23 596 7 0
5.24 596 7 0
5.25 596 7 0
5.26 594 7 0
5.27 594 7 0
5.28 594 7 0
5.29 594 7 0
5.3 592 7 0
5.31 591 7 0
5.32 590 7 0
5.33 590 7 0
5.34 590 7 0
5.35 589 7 0
5.36 589 7 0
5.37 588 7 0
5.38 587 7 0
5.39 587 7 0
5.4 587 7 0
5.41 587 7 0
5.42 587 7 0
5.43 587 7 0
5.44 586 7 0
5.45 585 7 0
5.46 585 7 0
5.47 585 7 0
5.48 585 7 0
5.49 585 7 0
5.5 584 7 0
5.51 583 7 0
5.52 582 7 0
5.53 581 7 0
5.54 580 7 0
5.55 580 7 0
5.56 580 7 0
5.57 580 7 0
5.58 578 7 0
5.59 577 7 0
5.6 577 7 0
5.61 575 7 0
5.62 573 7 0
5.63 573 7 0
5.64 573 7 0
5.65 572 7 0
5.66 572 7 0
5.67 572 7 0
5.68 572 7 0
5.69 571 7 0
5.7 571 7 0
5.71 571 7 0
5.72 571 7 0
5.73 571 7 0
5.74 571 7 0
5.75 569 7 0
5.76 569 7 0
5.77 569 7 0
5.78 569 6 0
5.79 567 6 0
5.8 565 6 0
5.81 564 6 0
5.82 564 6 0
5.83 563 6 0
5.84 563 6 0
5.85 562 6 0
5.86 562 6 0
5.87 562 6 0
5.88 560 6 0
5.89 560 6 0
5.9 560 6 0
5.91 558 6 0
5.92 556 6 0
5.93 555 6 0
5.94 554 6 0
5.95 554 6 0
5.96 553 6 0
5.97 552 6 0
5.98 551 6 0
5.99 551 6 0
6 551 6 0
6.01 548 6 0
6.02 548 6 0
6.03 545 6 0
6.04 545 6 0
6.05 545 6 0
6.06 545 6 0
6.07 545 6 0
6.08 545 6 0
6.09 545 6 0
6.1 545 6 0
6.11 543 6 0
6.12 543 6 0
6.13 543 6 0
6.14 542 6 0
6.15 542 6 0
6.16 541 6 0
6.17 541 6 0
6.18 540 6 0
6.19 540 6 0
6.2 540 6 0
6.21 539 6 0
6.22 538 6 0
6.23 538 6 0
6.24 538 6 0
6.25 538 6 0
6.26 537 6 0
6.27 536 6 0
6.28 536 6 0
6.29 535 6 0
6.3 534 6 0
6.31 534 6 0
6.32 534 6 0
6.33 534 6 0
6.34 534 6 0
6.35 534 6 0
6.36 534 6 0
6.37 533 6 0
6.38 532 6 0
6.39 531 6 0
6.4 530 6 0
6.41 529 6 0
6.42 528 6 0
6.43 527 6 0
6.44 526 6 0
6.45 526 6 0
6.46 526 6 0
6.47 526 5 0
6.48 526 5 0
6.49 526 5 0
6.5 526 4 0
6.51 526 4 0
6.52 526 4 0
6.53 526 4 0
6.54 526 4 0
6.55 526 4 0
6.56 525 4 0
6.57 525 4 0
6.58 525 4 0
6.59 525 4 0
6.6 523 4 0
6.61 522 4 0
6.62 522 4 0
6.63 522 4 0
6.64 522 4 0
6.65 522 4 0
6.66 521 4 0
6.67 521 4 0
6.68 521 4 0
6.69 521 4 0
6.7 520 4 0
6.71 519 4 0
6.72 519 3 0
6.73 519 3 0
6.74 518 3 0
6.75 517 3 0
6.76 517 3 0
6.77 517 3 0
6.78 516 3 0
6.79 516 3 0
6.8 515 3 0
6.81 515 3 0
6.82 514 3 0
6.83 513 3 0
6.84 513 3 0
6.85 512 3 0
6.86 510 3 0
6.87 510 3 0
6.88 510 3 0
6.89 509 3 0
6.9 508 3 0
6.91 508 3 0
6.92 508 3 0
6.93 507 3 0
6.94 506 3 0
6.95 505 3 0
6.96 505 3 0
6.97 505 3 0
6.98 505 3 0
6.99 505 3 0
7 503 3 0
7.01 502 3 0
7.02 501 3 0
7.03 500 3 0
7.04 495 3 0
7.05 495 3 0
7.06 495 3 0
7.07 494 3 0
7.08 494 3 0
7.09 493 3 0
7.1 493 2 0
7.11 493 2 0
7.12 492 2 0
7.13 492 2 0
7.14 492 2 0
7.15 492 2 0
7.16 492 2 0
7.17 491 2 0
7.18 491 2 0
7.19 491 2 0
7.2 491 2 0
7.21 490 2 0
7.22 490 2 0
7.23 490 2 0
7.24 490 2 0
7.25 490 2 0
7.26 490 2 0
7.27 489 2 0
7.28 489 2 0
7.29 489 2 0
7.3 489 2 0
7.31 489 2 0
7.32 488 2 0
7.33 486 2 0
7.34 486 2 0
7.35 486 2 0
7.36 485 2 0
7.37 484 2 0
7.38 484 2 0
7.39 484 2 0
7.4 483 2 0
7.41 483 2 0
7.42 481 2 0
7.43 481 2 0
7.44 481 2 0
7.45 481 2 0
7.46 480 2 0
7.47 480 2 0
7.48 480 2 0
7.49 480 2 0
7.5 478 2 0
7.51 478 2 0
7.52 477 2 0
7.53 477 2 0
7.54 477 2 0
7.55 476 2 0
7.56 476 2 0
7.57 475 2 0
7.58 473 2 0
7.59 473 2 0
7.6 473 2 0
7.61 473 2 0
7.62 472 2 0
7.63 472 2 0
7.64 470 2 0
7.65 469 1 0
7.66 469 1 0
7.67 466 1 0
7.68 466 1 0
7.69 466 1 0
7.7 465 1 0
7.71 464 1 0
7.72 464 1 0
7.73 464 1 0
7.74 464 1 0
7.75 464 1 0
7.76 464 1 0
7.77 464 1 0
7.78 463 1 0
7.79 462 1 0
7.8 461 1 0
7.81 460 1 0
7.82 460 1 0
7.83 460 1 0
7.84 460 1 0
7.85 460 1 0
7.86 460 1 0
7.87 458 1 0
7.88 457 1 0
7.89 456 1 0
7.9 454 1 0
7.91 454 1 0
7.92 454 1 0
7.93 453 1 0
7.94 453 1 0
7.95 452 1 0
7.96 452 1 0
7.97 452 1 0
7.98 451 1 0
7.99 451 1 0
8 451 1 0
8.01 451 1 0
8.02 450 1 0
8.03 450 1 0
8.04 450 1 0
8.05 450 1 0
8.06 450 1 0
8.07 450 1 0
8.08 450 1 0
8.09 449 1 0
8.1 449 1 0
8.11 448 1 0
8.12 448 1 0
8.13 448 1 0
8.14 447 1 0
8.15 447 1 0
8.16 446 1 0
8.17 444 1 0
8.18 444 1 0
8.19 444 1 0
8.2 444 1 0
8.21 444 1 0
8.22 444 1 0
8.23 443 1 0
8.24 443 1 0
8.25 443 1 0
8.26 442 1 0
8.27 442 1 0
8.28 442 1 0
8.29 441 1 0
8.3 441 1 0
8.31 441 1 0
8.32 441 1 0
8.33 440 1 0
8.34 440 1 0
8.35 440 1 0
8.36 439 1 0
8.37 439 1 0
8.38 438 1 0
8.39 438 1 0
8.4 438 1 0
8.41 438 1 0
8.42 438 1 0
8.43 437 1 0
8.44 436 1 0
8.45 436 1 0
8.46 435 1 0
8.47 434 1 0
8.48 434 1 0
8.49 433 1 0
8.5 433 1 0
8.51 433 1 0
8.52 433 1 0
8.53 432 1 0
8.54 432 1 0
8.55 430 1 0
8.56 428 1 0
8.57 428 1 0
8.58 427 1 0
8.59 427 1 0
8.6 427 1 0
8.61 427 1 0
8.62 426 1 0
8.63 425 1 0
8.64 424 1 0
8.65 424 1 0
8.66 424 1 0
8.67 423 1 0
8.68 423 1 0
8.69 422 1 0
8.7 421 1 0
8.71 421 1 0
8.72 421 1 0
8.73 421 1 0
8.74 421 1 0
8.75 420 1 0
8.76 419 1 0
8.77 418 1 0
8.78 417 1 0
8.79 417 1 0
8.8 417 1 0
8.81 417 1 0
8.82 416 1 0
8.83 416 1 0
8.84 416 1 0
8.85 416 1 0
8.86 415 1 0
8.87 415 1 0
8.88 413 1 0
8.89 413 1 0
8.9 413 1 0
8.91 413 1 0
8.92 412 1 0
8.93 412 1 0
8.94 412 1 0
8.95 412 1 0
8.96 412 1 0
8.97 412 1 0
8.98 412 1 0
8.99 411 1 0
9 411 1 0
9.01 409 1 0
9.02 409 1 0
9.03 408 1 0
9.04 406 1 0
9.05 405 1 0
9.06 404 1 0
9.07 404 1 0
9.08 403 1 0
9.09 403 1 0
9.1 403 1 0
9.11 403 1 0
9.12 401 1 0
9.13 401 1 0
9.14 401 1 0
9.15 401 1 0
9.16 400 1 0
9.17 399 1 0
9.18 399 1 0
9.19 399 0 0
9.2 399 0 0
9.21 399 0 0
9.22 399 0 0
9.23 399 0 0
9.24 399 0 0
9.25 399 0 0
9.26 399 0 0
9.27 398 0 0
9.28 397 0 0
9.29 396 0 0
9.3 395 0 0
9.31 394 0 0
9.32 394 0 0
9.33 394 0 0
9.34 394 0 0
9.35 392 0 0
9.36 392 0 0
9.37 392 0 0
9.38 391 0 0
9.39 391 0 0
9.4 391 0 0
9.41 391 0 0
9.42 391 0 0
9.43 391 0 0
9.44 391 0 0
9.45 390 0 0
9.46 390 0 0
9.47 390 0 0
9.48 389 0 0
9.49 389 0 0
9.5 388 0 0
9.51 388 0 0
9.52 386 0 0
9.53 386 0 0
9.54 385 0 0
9.55 385 0 0
9.56 385 0 0
9.57 385 0 0
9.58 385 0 0
9.59 384 0 0
9.6 384 0 0
9.61 384 0 0
9.62 384 0 0
9.63 384 0 0
9.64 383 0 0
9.65 382 0 0
9.66 382 0 0
9.67 382 0 0
9.68 381 0 0
9.69 381 0 0
9.7 381 0 0
9.71 381 0 0
9.72 381 0 0
9.73 380 0 0
9.74 380 0 0
9.75 380 0 0
9.76 380 0 0
9.77 380 0 0
9.78 379 0 0
9.79 379 0 0
9.8 379 0 0
9.81 378 0 0
9.82 378 0 0
9.83 378 0 0
9.84 378 0 0
9.85 378 0 0
9.86 378 0 0
9.87 378 0 0
9.88 378 0 0
9.89 378 0 0
9.9 378 0 0
9.91 378 0 0
9.92 377 0 0
9.93 377 0 0
9.94 377 0 0
9.95 376 0 0
9.96 376 0 0
9.97 375 0 0
9.98 373 0 0
9.99 372 0 0
10 372 0 0
10.01 372 0 0
10.02 372 0 0
10.03 372 0 0
10.04 371 0 0
10.05 371 0 0
10.06 371 0 0
10.07 371 0 0
10.08 371 0 0
10.09 371 0 0
10.1 371 0 0
10.11 371 0 0
10.12 370 0 0
10.13 369 0 0
10.14 369 0 0
10.15 369 0 0
10.16 369 0 0
10.17 368 0 0
10.18 368 0 0
10.19 368 0 0
10.2 367 0 0
10.21 367 0 0
10.22 366 0 0
10.23 366 0 0
10.24 366 0 0
10.25 365 0 0
10.26 365 0 0
10.27 365 0 0
10.28 365 0 0
10.29 365 0 0
10.3 365 0 0
10.31 365 0 0
10.32 364 0 0
10.33 364 0 0
10.34 363 0 0
10.35 362 0 0
10.36 361 0 0
10.37 361 0 0
10.38 361 0 0
10.39 360 0 0
10.4 360 0 0
10.41 360 0 0
10.42 360 0 0
10.43 360 0 0
10.44 359 0 0
10.45 359 0 0
10.46 358 0 0
10.47 358 0 0
10.48 356 0 0
10.49 356 0 0
10.5 356 0 0
10.51 356 0 0
10.52 355 0 0
10.53 354 0 0
10.54 354 0 0
10.55 354 0 0
10.56 353 0 0
10.57 353 0 0
10.58 353 0 0
10.59 352 0 0
10.6 352 0 0
10.61 351 0 0
10.62 348 0 0
10.63 347 0 0
10.64 347 0 0
10.65 347 0 0
10.66 347 0 0
10.67 346 0 0
10.68 346 0 0
10.69 346 0 0
10.7 346 0 0
10.71 346 0 0
10.72 346 0 0
10.73 346 0 0
10.74 346 0 0
10.75 345 0 0
10.76 345 0 0
10.77 345 0 0
10.78 345 0 0
10.79 345 0 0
10.8 344 0 0
10.81 344 0 0
10.82 344 0 0
10.83 344 0 0
10.84 344 0 0
10.85 343 0 0
10.86 343 0 0
10.87 343 0 0
10.88 342 0 0
10.89 342 0 0
10.9 342 0 0
10.91 342 0 0
10.92 342 0 0
10.93 342 0 0
10.94 342 0 0
10.95 342 0 0
10.96 342 0 0
10.97 340 0 0
10.98 340 0 0
10.99 340 0 0
11 340 0 0
11.01 339 0 0
11.02 339 0 0
11.03 339 0 0
11.04 339 0 0
11.05 338 0 0
11.06 338 0 0
11.07 338 0 0
11.08 337 0 0
11.09 337 0 0
11.1 337 0 0
11.11 336 0 0
11.12 335 0 0
11.13 333 0 0
11.14 333 0 0
11.15 333 0 0
11.16 332 0 0
11.17 332 0 0
11.18 332 0 0
11.19 332 0 0
11.2 332 0 0
11.21 332 0 0
11.22 332 0 0
11.23 331 0 0
11.24 331 0 0
11.25 330 0 0
11.26 330 0 0
11.27 329 0 0
11.28 329 0 0
11.29 329 0 0
11.3 328 0 0
11.31 328 0 0
11.32 327 0 0
11.33 327 0 0
11.34 327 0 0
11.35 327 0 0
11.36 326 0 0
11.37 326 0 0
11.38 326 0 0
11.39 325 0 0
11.4 323 0 0
11.41 323 0 0
11.42 323 0 0
11.43 323 0 0
11.44 323 0 0
11.45 322 0 0
11.46 322 0 0
11.47 322 0 0
11.48 322 0 0
11.49 321 0 0
11.5 321 0 0
11.51 321 0 0
11.52 320 0 0
11.53 320 0 0
11.54 320 0 0
11.55 319 0 0
11.56 319 0 0
11.57 319 0 0
11.58 319 0 0
11.59 319 0 0
11.6 316 0 0
11.61 316 0 0
11.62 315 0 0
11.63 315 0 0
11.64 315 0 0
11.65 315 0 0
11.66 315 0 0
11.67 315 0 0
11.68 314 0 0
11.69 313 0 0
11.7 313 0 0
11.71 312 0 0
11.72 311 0 0
11.73 311 0 0
11.74 311 0 0
11.75 311 0 0
11.76 310 0 0
11.77 310 0 0
11.78 309 0 0
11.79 309 0 0
11.8 309 0 0
11.81 309 0 0
11.82 309 0 0
11.83 309 0 0
11.84 309 0 0
11.85 308 0 0
11.86 307 0 0
11.87 307 0 0
11.88 307 0 0
11.89 306 0 0
11.9 305 0 0
11.91 305 0 0
11.92 305 0 0
11.93 305 0 0
11.94 305 0 0
11.95 305 0 0
11.96 304 0 0
11.97 304 0 0
11.98 304 0 0
11.99 304 0 0
12 304 0 0
12.01 303 0 0
12.02 303 0 0
12.03 302 0 0
12.04 302 0 0
12.05 302 0 0
12.06 301 0 0
12.07 301 0 0
12.08 301 0 0
12.09 300 0 0
12.1 300 0 0
12.11 299 0 0
12.12 299 0 0
12.13 299 0 0
12.14 299 0 0
12.15 299 0 0
12.16 299 0 0
12.17 299 0 0
12.18 298 0 0
12.19 298 0 0
12.2 298 0 0
12.21 298 0 0
12.22 298 0 0
12.23 298 0 0
12.24 298 0 0
12.25 298 0 0
12.26 297 0 0
12.27 296 0 0
12.28 296 0 0
12.29 296 0 0
12.3 295 0 0
12.31 295 0 0
12.32 295 0 0
12.33 295 0 0
12.34 294 0 0
12.35 294 0 0
12.36 292 0 0
12.37 292 0 0
12.38 292 0 0
12.39 292 0 0
12.4 292 0 0
12.41 292 0 0
12.42 292 0 0
12.43 292 0 0
12.44 292 0 0
12.45 292 0 0
12.46 292 0 0
12.47 292 0 0
12.48 291 0 0
12.49 291 0 0
12.5 290 0 0
12.51 290 0 0
12.52 289 0 0
12.53 289 0 0
12.54 289 0 0
12.55 289 0 0
12.56 289 0 0
12.57 289 0 0
12.58 289 0 0
12.59 289 0 0
12.6 289 0 0
12.61 288 0 0
12.62 288 0 0
12.63 288 0 0
12.64 288 0 0
12.65 288 0 0
12.66 288 0 0
12.67 288 0 0
12.68 287 0 0
12.69 287 0 0
12.7 287 0 0
12.71 287 0 0
12.72 287 0 0
12.73 287 0 0
12.74 287 0 0
12.75 287 0 0
12.76 287 0 0
12.77 287 0 0
12.78 286 0 0
12.79 286 0 0
12.8 284 0 0
12.81 284 0 0
12.82 283 0 0
12.83 283 0 0
12.84 283 0 0
12.85 283 0 0
12.86 283 0 0
12.87 283 0 0
12.88 282 0 0
12.89 281 0 0
12.9 281 0 0
12.91 280 0 0
12.92 280 0 0
12.93 280 0 0
12.94 280 0 0
12.95 280 0 0
12.96 280 0 0
12.97 279 0 0
12.98 279 0 0
12.99 279 0 0
13 278 0 0
13.01 278 0 0
13.02 277 0 0
13.03 277 0 0
13.04 277 0 0
13.05 277 0 0
13.06 277 0 0
13.07 277 0 0
13.08 277 0 0
13.09 277 0 0
13.1 276 0 0
13.11 276 0 0
13.12 276 0 0
13.13 276 0 0
13.14 276 0 0
13.15 275 0 0
13.16 275 0 0
13.17 274 0 0
13.18 274 0 0
13.19 273 0 0
13.2 273 0 0
13.21 272 0 0
13.22 272 0 0
13.23 272 0 0
13.24 272 0 0
13.25 271 0 0
13.26 271 0 0
13.27 269 0 0
13.28 269 0 0
13.29 269 0 0
13.3 269 0 0
13.31 268 0 0
13.32 268 0 0
13.33 267 0 0
13.34 267 0 0
13.35 267 0 0
13.36 267 0 0
13.37 267 0 0
13.38 267 0 0
13.39 267 0 0
13.4 267 0 0
13.41 267 0 0
13.42 267 0 0
13.43 267 0 0
13.44 267 0 0
13.45 266 0 0
13.46 266 0 0
13.47 266 0 0
13.48 266 0 0
13.49 266 0 0
13.5 264 0 0
13.51 264 0 0
13.52 264 0 0
13.53 264 0 0
13.54 264 0 0
13.55 264 0 0
13.56 262 0 0
13.57 262 0 0
13.58 261 0 0
13.59 261 0 0
13.6 261 0 0
13.61 261 0 0
13.62 261 0 0
13.63 261 0 0
13.64 261 0 0
13.65 260 0 0
13.66 260 0 0
13.67 259 0 0
13.68 259 0 0
13.69 259 0 0
13.7 259 0 0
13.71 258 0 0
13.72 257 0 0
13.73 256 0 0
13.74 256 0 0
13.75 256 0 0
13.76 256 0 0
13.77 255 0 0
13.78 255 0 0
13.79 255 0 0
13.8 255 0 0
13.81 255 0 0
13.82 255 0 0
13.83 254 0 0
13.84 254 0 0
13.85 254 0 0
13.86 254 0 0
13.87 253 0 0
13.88 253 0 0
13.89 253 0 0
13.9 253 0 0
13.91 253 0 0
13.92 253 0 0
13.93 253 0 0
13.94 253 0 0
13.95 252 0 0
13.96 252 0 0
13.97 252 0 0
13.98 252 0 0
13.99 252 0 0
14 252 0 0
14.01 252 0 0
14.02 251 0 0
14.03 251 0 0
14.04 251 0 0
14.05 250 0 0
14.06 249 0 0
14.07 249 0 0
14.08 248 0 0
14.09 248 0 0
14.1 248 0 0
14.11 248 0 0
14.12 248 0 0
14.13 248 0 0
14.14 248 0 0
14.15 248 0 0
14.16 248 0 0
14.17 248 0 0
14.18 248 0 0
14.19 247 0 0
14.2 247 0 0
14.21 247 0 0
14.22 246 0 0
14.23 246 0 0
14.24 246 0 0
14.25 246 0 0
14.26 245 0 0
14.27 244 0 0
14.28 244 0 0
14.29 243 0 0
14.3 243 0 0
14.31 243 0 0
14.32 243 0 0
14.33 243 0 0
14.34 243 0 0
14.35 243 0 0
14.36 243 0 0
14.37 243 0 0
14.38 243 0 0
14.39 243 0 0
14.4 243 0 0
14.41 242 0 0
14.42 241 0 0
14.43 241 0 0
14.44 241 0 0
14.45 240 0 0
14.46 240 0 0
14.47 238 0 0
14.48 237 0 0
14.49 237 0 0
14.5 237 0 0
14.51 237 0 0
14.52 237 0 0
14.53 237 0 0
14.54 237 0 0
14.55 237 0 0
14.56 236 0 0
14.57 236 0 0
14.58 236 0 0
14.59 236 0 0
14.6 236 0 0
14.61 235 0 0
14.62 235 0 0
14.63 235 0 0
14.64 235 0 0
14.65 235 0 0
14.66 235 0 0
14.67 235 0 0
14.68 235 0 0
14.69 235 0 0
14.7 235 0 0
14.71 235 0 0
14.72 234 0 0
14.73 234 0 0
14.74 234 0 0
14.75 234 0 0
14.76 234 0 0
14.77 234 0 0
14.78 233 0 0
14.79 233 0 0
14.8 233 0 0
14.81 233 0 0
14.82 233 0 0
14.83 233 0 0
14.84 231 0 0
14.85 231 0 0
14.86 231 0 0
14.87 231 0 0
14.88 230 0 0
14.89 230 0 0
14.9 229 0 0
14.91 229 0 0
14.92 229 0 0
14.93 229 0 0
14.94 229 0 0
14.95 229 0 0
14.96 229 0 0
14.97 228 0 0
14.98 227 0 0
14.99 227 0 0
15 227 0 0
15.01 226 0 0
15.02 226 0 0
15.03 226 0 0
15.04 226 0 0
15.05 226 0 0
15.06 225 0 0
15.07 225 0 0
15.08 225 0 0
15.09 224 0 0
15.1 224 0 0
15.11 224 0 0
15.12 224 0 0
15.13 224 0 0
15.14 224 0 0
15.15 224 0 0
15.16 224 0 0
15.17 224 0 0
15.18 224 0 0
15.19 223 0 0
15.2 223 0 0
15.21 223 0 0
15.22 223 0 0
15.23 223 0 0
15.24 222 0 0
15.25 222 0 0
15.26 221 0 0
15.27 221 0 0
15.28 221 0 0
15.29 221 0 0
15.3 221 0 0
15.31 221 0 0
15.32 221 0 0
15.33 221 0 0
15.34 221 0 0
15.35 221 0 0
15.36 220 0 0
15.37 220 0 0
15.38 220 0 0
15.39 220 0 0
15.4 220 0 0
15.41 220 0 0
15.42 219 0 0
15.43 219 0 0
15.44 219 0 0
15.45 219 0 0
15.46 219 0 0
15.47 217 0 0
15.48 217 0 0
15.49 217 0 0
15.5 217 0 0
15.51 217 0 0
15.52 217 0 0
15.53 217 0 0
15.54 217 0 0
15.55 217 0 0
15.56 216 0 0
15.57 216 0 0
15.58 216 0 0
15.59 216 0 0
15.6 216 0 0
15.61 216 0 0
15.62 215 0 0
15.63 215 0 0
15.64 215 0 0
15.65 215 0 0
15.66 215 0 0
15.67 214 0 0
15.68 214 0 0
15.69 214 0 0
15.7 214 0 0
15.71 214 0 0
15.72 213 0 0
15.73 212 0 0
15.74 212 0 0
15.75 212 0 0
15.76 212 0 0
15.77 212 0 0
15.78 212 0 0
15.79 212 0 0
15.8 212 0 0
15.81 212 0 0
15.82 212 0 0
15.83 212 0 0
15.84 212 0 0
15.85 212 0 0
15.86 212 0 0
15.87 212 0 0
15.88 212 0 0
15.89 212 0 0
15.9 212 0 0
15.91 212 0 0
15.92 212 0 0
15.93 212 0 0
15.94 212 0 0
15.95 211 0 0
15.96 211 0 0
15.97 211 0 0
15.98 211 0 0
15.99 211 0 0
16 211 0 0
16.01 211 0 0
16.02 211 0 0
16.03 211 0 0
16.04 211 0 0
16.05 211 0 0
16.06 211 0 0
16.07 211 0 0
16.08 211 0 0
16.09 209 0 0
16.1 209 0 0
16.11 209 0 0
16.12 209 0 0
16.13 209 0 0
16.14 209 0 0
16.15 209 0 0
16.16 209 0 0
16.17 209 0 0
16.18 209 0 0
16.19 209 0 0
16.2 209 0 0
16.21 209 0 0
16.22 209 0 0
16.23 209 0 0
16.24 209 0 0
16.25 208 0 0
16.26 208 0 0
16.27 208 0 0
16.28 207 0 0
16.29 207 0 0
16.3 207 0 0
16.31 207 0 0
16.32 207 0 0
16.33 207 0 0
16.34 207 0 0
16.35 207 0 0
16.36 207 0 0
16.37 207 0 0
16.38 207 0 0
16.39 207 0 0
16.4 207 0 0
16.41 207 0 0
16.42 207 0 0
16.43 207 0 0
16.44 207 0 0
16.45 207 0 0
16.46 207 0 0
16.47 207 0 0
16.48 207 0 0
16.49 207 0 0
16.5 207 0 0
16.51 207 0 0
16.52 207 0 0
16.53 206 0 0
16.54 206 0 0
16.55 206 0 0
16.56 206 0 0
16.57 205 0 0
16.58 205 0 0
16.59 205 0 0
16.6 205 0 0
16.61 205 0 0
16.62 205 0 0
16.63 204 0 0
16.64 204 0 0
16.65 204 0 0
16.66 203 0 0
16.67 203 0 0
16.68 203 0 0
16.69 203 0 0
16.7 203 0 0
16.71 203 0 0
16.72 203 0 0
16.73 203 0 0
16.74 203 0 0
16.75 203 0 0
16.76 203 0 0
16.77 201 0 0
16.78 201 0 0
16.79 201 0 0
16.8 201 0 0
16.81 201 0 0
16.82 201 0 0
16.83 200 0 0
16.84 199 0 0
16.85 199 0 0
16.86 198 0 0
16.87 198 0 0
16.88 198 0 0
16.89 196 0 0
16.9 196 0 0
16.91 195 0 0
16.92 194 0 0
16.93 194 0 0
16.94 194 0 0
16.95 194 0 0
16.96 194 0 0
16.97 193 0 0
16.98 193 0 0
16.99 193 0 0
17 192 0 0
17.01 192 0 0
17.02 192 0 0
17.03 192 0 0
17.04 192 0 0
17.05 192 0 0
17.06 192 0 0
17.07 192 0 0
17.08 192 0 0
17.09 192 0 0
17.1 192 0 0
17.11 191 0 0
17.12 191 0 0
17.13 191 0 0
17.14 190 0 0
17.15 190 0 0
17.16 190 0 0
17.17 190 0 0
17.18 190 0 0
17.19 190 0 0
17.2 190 0 0
17.21 190 0 0
17.22 190 0 0
17.23 190 0 0
17.24 190 0 0
17.25 190 0 0
17.26 190 0 0
17.27 190 0 0
17.28 190 0 0
17.29 190 0 0
17.3 190 0 0
17.31 189 0 0
17.32 189 0 0
17.33 189 0 0
17.34 189 0 0
17.35 189 0 0
17.36 189 0 0
17.37 189 0 0
17.38 189 0 0
17.39 189 0 0
17.4 189 0 0
17.41 189 0 0
17.42 188 0 0
17.43 188 0 0
17.44 188 0 0
17.45 188 0 0
17.46 187 0 0
17.47 186 0 0
17.48 185 0 0
17.49 185 0 0
17.5 185 0 0
17.51 185 0 0
17.52 185 0 0
17.53 185 0 0
17.54 185 0 0
17.55 184 0 0
17.56 184 0 0
17.57 184 0 0
17.58 184 0 0
17.59 183 0 0
17.6 183 0 0
17.61 183 0 0
17.62 183 0 0
17.63 183 0 0
17.64 183 0 0
17.65 182 0 0
17.66 182 0 0
17.67 182 0 0
17.68 182 0 0
17.69 182 0 0
17.7 182 0 0
17.71 182 0 0
17.72 182 0 0
17.73 182 0 0
17.74 181 0 0
17.75 181 0 0
17.76 180 0 0
17.77 180 0 0
17.78 180 0 0
17.79 180 0 0
17.8 180 0 0
17.81 180 0 0
17.82 179 0 0
17.83 179 0 0
17.84 178 0 0
17.85 178 0 0
17.86 178 0 0
17.87 178 0 0
17.88 178 0 0
17.89 178 0 0
17.9 178 0 0
17.91 178 0 0
17.92 178 0 0
17.93 178 0 0
17.94 178 0 0
17.95 178 0 0
17.96 178 0 0
17.97 178 0 0
17.98 178 0 0
17.99 178 0 0
18 178 0 0
18.01 178 0 0
18.02 178 0 0
18.03 178 0 0
18.04 178 0 0
18.05 177 0 0
18.06 177 0 0
18.07 177 0 0
18.08 177 0 0
18.09 177 0 0
18.1 176 0 0
18.11 176 0 0
18.12 176 0 0
18.13 176 0 0
18.14 174 0 0
18.15 173 0 0
18.16 173 0 0
18.17 173 0 0
18.18 173 0 0
18.19 172 0 0
18.2 172 0 0
18.21 172 0 0
18.22 172 0 0
18.23 172 0 0
18.24 172 0 0
18.25 170 0 0
18.26 169 0 0
18.27 169 0 0
18.28 169 0 0
18.29 169 0 0
18.3 169 0 0
18.31 169 0 0
18.32 169 0 0
18.33 169 0 0
18.34 168 0 0
18.35 167 0 0
18.36 167 0 0
18.37 167 0 0
18.38 167 0 0
18.39 167 0 0
18.4 165 0 0
18.41 165 0 0
18.42 165 0 0
18.43 164 0 0
18.44 164 0 0
18.45 164 0 0
18.46 164 0 0
18.47 164 0 0
18.48 164 0 0
18.49 164 0 0
18.5 164 0 0
18.51 164 0 0
18.52 164 0 0
18.53 164 0 0
18.54 163 0 0
18.55 163 0 0
18.56 163 0 0
18.57 163 0 0
18.58 163 0 0
18.59 162 0 0
18.6 162 0 0
18.61 162 0 0
18.62 162 0 0
18.63 162 0 0
18.64 160 0 0
18.65 160 0 0
18.66 160 0 0
18.67 160 0 0
18.68 160 0 0
18.69 158 0 0
18.7 158 0 0
18.71 157 0 0
18.72 157 0 0
18.73 157 0 0
18.74 157 0 0
18.75 156 0 0
18.76 156 0 0
18.77 156 0 0
18.78 156 0 0
18.79 155 0 0
18.8 155 0 0
18.81 155 0 0
18.82 155 0 0
18.83 155 0 0
18.84 155 0 0
18.85 155 0 0
18.86 155 0 0
18.87 154 0 0
18.88 154 0 0
18.89 154 0 0
18.9 154 0 0
18.91 154 0 0
18.92 154 0 0
18.93 154 0 0
18.94 153 0 0
18.95 152 0 0
18.96 152 0 0
18.97 152 0 0
18.98 152 0 0
18.99 151 0 0
19 151 0 0
19.01 151 0 0
19.02 151 0 0
19.03 151 0 0
19.04 151 0 0
19.05 150 0 0
19.06 150 0 0
19.07 150 0 0
19.08 149 0 0
19.09 148 0 0
19.1 148 0 0
19.11 147 0 0
19.12 147 0 0
19.13 147 0 0
19.14 147 0 0
19.15 147 0 0
19.16 147 0 0
19.17 147 0 0
19.18 147 0 0
19.19 146 0 0
19.2 146 0 0
19.21 146 0 0
19.22 146 0 0
19.23 145 0 0
19.24 145 0 0
19.25 145 0 0
19.26 145 0 0
19.27 145 0 0
19.28 145 0 0
19.29 145 0 0
19.3 145 0 0
19.31 145 0 0
19.32 145 0 0
19.33 144 0 0
19.34 144 0 0
19.35 144 0 0
19.36 144 0 0
19.37 144 0 0
19.38 144 0 0
19.39 144 0 0
19.4 144 0 0
19.41 144 0 0
19.42 144 0 0
19.43 144 0 0
19.44 144 0 0
19.45 144 0 0
19.46 143 0 0
19.47 143 0 0
19.48 143 0 0
19.49 143 0 0
19.5 143 0 0
19.51 143 0 0
19.52 143 0 0
19.53 143 0 0
19.54 143 0 0
19.55 143 0 0
19.56 143 0 0
19.57 143 0 0
19.58 143 0 0
19.59 143 0 0
19.6 143 0 0
19.61 143 0 0
19.62 143 0 0
19.63 143 0 0
19.64 143 0 0
19.65 143 0 0
19.66 143 0 0
19.67 143 0 0
19.68 143 0 0
19.69 142 0 0
19.7 142 0 0
19.71 142 0 0
19.72 142 0 0
19.73 142 0 0
19.74 141 0 0
19.75 141 0 0
19.76 141 0 0
19.77 141 0 0
19.78 141 0 0
19.79 141 0 0
19.8 141 0 0
19.81 141 0 0
19.82 140 0 0
19.83 140 0 0
19.84 140 0 0
19.85 139 0 0
19.86 139 0 0
19.87 139 0 0
19.88 139 0 0
19.89 139 0 0
19.9 139 0 0
19.91 139 0 0
19.92 139 0 0
19.93 139 0 0
19.94 139 0 0
19.95 139 0 0
19.96 139 0 0
19.97 139 0 0
19.98 138 0 0
19.99 138 0 0
20 138 0 0
20.01 138 0 0
20.02 138 0 0
20.03 137 0 0
20.04 137 0 0
20.05 137 0 0
20.06 137 0 0
20.07 137 0 0
20.08 137 0 0
20.09 137 0 0
20.1 137 0 0
20.11 137 0 0
20.12 137 0 0
20.13 137 0 0
20.14 137 0 0
20.15 137 0 0
20.16 137 0 0
20.17 137 0 0
20.18 137 0 0
20.19 137 0 0
20.2 137 0 0
20.21 137 0 0
20.22 137 0 0
20.23 137 0 0
20.24 137 0 0
20.25 137 0 0
20.26 137 0 0
20.27 137 0 0
20.28 136 0 0
20.29 136 0 0
20.3 136 0 0
20.31 136 0 0
20.32 136 0 0
20.33 136 0 0
20.34 136 0 0
20.35 136 0 0
20.36 136 0 0
20.37 135 0 0
20.38 135 0 0
20.39 135 0 0
20.4 135 0 0
20.41 135 0 0
20.42 135 0 0
20.43 135 0 0
20.44 135 0 0
20.45 135 0 0
20.46 135 0 0
20.47 135 0 0
20.48 135 0 0
20.49 134 0 0
20.5 134 0 0
20.51 134 0 0
20.52 133 0 0
20.53 133 0 0
20.54 133 0 0
20.55 133 0 0
20.56 133 0 0
20.57 133 0 0
20.58 133 0 0
20.59 133 0 0
20.6 132 0 0
20.61 132 0 0
20.62 132 0 0
20.63 132 0 0
20.64 131 0 0
20.65 131 0 0
20.66 131 0 0
20.67 131 0 0
20.68 131 0 0
20.69 130 0 0
20.7 130 0 0
20.71 130 0 0
20.72 130 0 0
20.73 130 0 0
20.74 130 0 0
20.75 130 0 0
20.76 130 0 0
20.77 130 0 0
20.78 130 0 0
20.79 130 0 0
20.8 130 0 0
20.81 130 0 0
20.82 130 0 0
20.83 130 0 0
20.84 130 0 0
20.85 130 0 0
20.86 130 0 0
20.87 130 0 0
20.88 130 0 0
20.89 130 0 0
20.9 130 0 0
20.91 130 0 0
20.92 130 0 0
20.93 130 0 0
20.94 129 0 0
20.95 129 0 0
20.96 128 0 0
20.97 128 0 0
20.98 128 0 0
20.99 128 0 0
21 128 0 0
21.01 128 0 0
21.02 128 0 0
21.03 128 0 0
21.04 128 0 0
21.05 128 0 0
21.06 128 0 0
21.07 128 0 0
21.08 128 0 0
21.09 128 0 0
21.1 128 0 0
21.11 128 0 0
21.12 128 0 0
21.13 128 0 0
21.14 128 0 0
21.15 128 0 0
21.16 127 0 0
21.17 127 0 0
21.18 127 0 0
21.19 127 0 0
21.2 127 0 0
21.21 126 0 0
21.22 126 0 0
21.23 126 0 0
21.24 126 0 0
21.25 126 0 0
21.26 126 0 0
21.27 126 0 0
21.28 126 0 0
21.29 126 0 0
21.3 126 0 0
21.31 126 0 0
21.32 126 0 0
21.33 126 0 0
21.34 126 0 0
21.35 126 0 0
21.36 125 0 0
21.37 125 0 0
21.38 124 0 0
21.39 124 0 0
21.4 124 0 0
21.41 124 0 0
21.42 124 0 0
21.43 124 0 0
21.44 124 0 0
21.45 124 0 0
21.46 124 0 0
21.47 124 0 0
21.48 124 0 0
21.49 124 0 0
21.5 124 0 0
21.51 124 0 0
21.52 124 0 0
21.53 124 0 0
21.54 124 0 0
21.55 124 0 0
21.56 123 0 0
21.57 123 0 0
21.58 123 0 0
21.59 123 0 0
21.6 123 0 0
21.61 122 0 0
21.62 122 0 0
21.63 122 0 0
21.64 121 0 0
21.65 121 0 0
21.66 121 0 0
21.67 121 0 0
21.68 121 0 0
21.69 121 0 0
21.7 121 0 0
21.71 121 0 0
21.72 121 0 0
21.73 121 0 0
21.74 120 0 0
21.75 120 0 0
21.76 120 0 0
21.77 120 0 0
21.78 120 0 0
21.79 120 0 0
21.8 120 0 0
21.81 120 0 0
21.82 120 0 0
21.83 120 0 0
21.84 120 0 0
21.85 120 0 0
21.86 120 0 0
21.87 119 0 0
21.88 119 0 0
21.89 119 0 0
21.9 119 0 0
21.91 119 0 0
21.92 119 0 0
21.93 119 0 0
21.94 119 0 0
21.95 119 0 0
21.96 118 0 0
21.97 118 0 0
21.98 118 0 0
21.99 118 0 0
22 118 0 0
22.01 118 0 0
22.02 118 0 0
22.03 118 0 0
22.04 118 0 0
22.05 118 0 0
22.06 118 0 0
22.07 118 0 0
22.08 117 0 0
22.09 117 0 0
22.1 117 0 0
22.11 117 0 0
22.12 116 0 0
22.13 115 0 0
22.14 115 0 0
22.15 115 0 0
22.16 115 0 0
22.17 115 0 0
22.18 115 0 0
22.19 115 0 0
22.2 115 0 0
22.21 115 0 0
22.22 114 0 0
22.23 114 0 0
22.24 112 0 0
22.25 112 0 0
22.26 112 0 0
22.27 112 0 0
22.28 112 0 0
22.29 112 0 0
22.3 112 0 0
22.31 111 0 0
22.32 111 0 0
22.33 110 0 0
22.34 110 0 0
22.35 110 0 0
22.36 110 0 0
22.37 110 0 0
22.38 110 0 0
22.39 110 0 0
22.4 110 0 0
22.41 110 0 0
22.42 110 0 0
22.43 110 0 0
22.44 110 0 0
22.45 110 0 0
22.46 110 0 0
22.47 110 0 0
22.48 110 0 0
22.49 110 0 0
22.5 109 0 0
22.51 109 0 0
22.52 109 0 0
22.53 109 0 0
22.54 109 0 0
22.55 109 0 0
22.56 109 0 0
22.57 109 0 0
22.58 109 0 0
22.59 109 0 0
22.6 109 0 0
22.61 109 0 0
22.62 109 0 0
22.63 109 0 0
22.64 109 0 0
22.65 109 0 0
22.66 109 0 0
22.67 109 0 0
22.68 109 0 0
22.69 109 0 0
22.7 108 0 0
22.71 108 0 0
22.72 108 0 0
22.73 108 0 0
22.74 107 0 0
22.75 107 0 0
22.76 107 0 0
22.77 107 0 0
22.78 107 0 0
22.79 107 0 0
22.8 107 0 0
22.81 107 0 0
22.82 107 0 0
22.83 107 0 0
22.84 107 0 0
22.85 107 0 0
22.86 107 0 0
22.87 107 0 0
22.88 107 0 0
22.89 106 0 0
22.9 106 0 0
22.91 106 0 0
22.92 106 0 0
22.93 106 0 0
22.94 106 0 0
22.95 106 0 0
22.96 106 0 0
22.97 106 0 0
22.98 106 0 0
22.99 105 0 0
23 105 0 0
23.01 105 0 0
23.02 105 0 0
23.03 105 0 0
23.04 105 0 0
23.05 105 0 0
23.06 105 0 0
23.07 104 0 0
23.08 104 0 0
23.09 104 0 0
23.1 104 0 0
23.11 103 0 0
23.12 103 0 0
23.13 103 0 0
23.14 103 0 0
23.15 103 0 0
23.16 103 0 0
23.17 102 0 0
23.18 102 0 0
23.19 102 0 0
23.2 102 0 0
23.21 102 0 0
23.22 102 0 0
23.23 102 0 0
23.24 102 0 0
23.25 101 0 0
23.26 101 0 0
23.27 101 0 0
23.28 101 0 0
23.29 101 0 0
23.3 101 0 0
23.31 101 0 0
23.32 101 0 0
23.33 101 0 0
23.34 100 0 0
23.35 100 0 0
23.36 100 0 0
23.37 100 0 0
23.38 100 0 0
23.39 100 0 0
23.4 100 0 0
23.41 100 0 0
23.42 100 0 0
23.43 100 0 0
23.44 100 0 0
23.45 100 0 0
23.46 100 0 0
23.47 100 0 0
23.48 100 0 0
23.49 100 0 0
23.5 100 0 0
23.51 100 0 0
23.52 100 0 0
23.53 100 0 0
23.54 100 0 0
23.55 100 0 0
23.56 100 0 0
23.57 99 0 0
23.58 98 0 0
23.59 97 0 0
23.6 97 0 0
23.61 97 0 0
23.62 97 0 0
23.63 97 0 0
23.64 97 0 0
23.65 97 0 0
23.66 97 0 0
23.67 97 0 0
23.68 97 0 0
23.69 97 0 0
23.7 97 0 0
23.71 97 0 0
23.72 97 0 0
23.73 97 0 0
23.74 97 0 0
23.75 97 0 0
23.76 97 0 0
23.77 97 0 0
23.78 97 0 0
23.79 97 0 0
23.8 97 0 0
23.81 97 0 0
23.82 97 0 0
23.83 97 0 0
23.84 97 0 0
23.85 97 0 0
23.86 97 0 0
23.87 97 0 0
23.88 97 0 0
23.89 97 0 0
23.9 96 0 0
23.91 96 0 0
23.92 96 0 0
23.93 96 0 0
23.94 96 0 0
23.95 96 0 0
23.96 96 0 0
23.97 96 0 0
23.98 96 0 0
23.99 96 0 0
24 96 0 0
24.01 96 0 0
24.02 96 0 0
24.03 96 0 0
24.04 96 0 0
24.05 96 0 0
24.06 96 0 0
24.07 95 0 0
24.08 95 0 0
24.09 95 0 0
24.1 95 0 0
24.11 95 0 0
24.12 95 0 0
24.13 95 0 0
24.14 95 0 0
24.15 95 0 0
24.16 94 0 0
24.17 93 0 0
24.18 93 0 0
24.19 93 0 0
24.2 93 0 0
24.21 93 0 0
24.22 93 0 0
24.23 93 0 0
24.24 93 0 0
24.25 93 0 0
24.26 93 0 0
24.27 93 0 0
24.28 93 0 0
24.29 93 0 0
24.3 93 0 0
24.31 93 0 0
24.32 93 0 0
24.33 93 0 0
24.34 93 0 0
24.35 93 0 0
24.36 93 0 0
24.37 93 0 0
24.38 93 0 0
24.39 93 0 0
24.4 93 0 0
24.41 93 0 0
24.42 93 0 0
24.43 93 0 0
24.44 93 0 0
24.45 93 0 0
24.46 93 0 0
24.47 93 0 0
24.48 93 0 0
24.49 93 0 0
24.5 93 0 0
24.51 93 0 0
24.52 92 0 0
24.53 92 0 0
24.54 92 0 0
24.55 92 0 0
24.56 92 0 0
24.57 92 0 0
24.58 92 0 0
24.59 92 0 0
24.6 91 0 0
24.61 91 0 0
24.62 91 0 0
24.63 91 0 0
24.64 91 0 0
24.65 90 0 0
24.66 90 0 0
24.67 90 0 0
24.68 90 0 0
24.69 90 0 0
24.7 90 0 0
24.71 90 0 0
24.72 90 0 0
24.73 90 0 0
24.74 90 0 0
24.75 90 0 0
24.76 90 0 0
24.77 90 0 0
24.78 90 0 0
24.79 90 0 0
24.8 90 0 0
24.81 90 0 0
24.82 90 0 0
24.83 90 0 0
24.84 90 0 0
24.85 90 0 0
24.86 90 0 0
24.87 90 0 0
24.88 89 0 0
24.89 89 0 0
24.9 88 0 0
24.91 88 0 0
24.92 87 0 0
24.93 87 0 0
24.94 87 0 0
24.95 87 0 0
24.96 87 0 0
24.97 87 0 0
24.98 86 0 0
24.99 86 0 0
25 86 0 0
25.01 86 0 0
25.02 86 0 0
25.03 86 0 0
25.04 86 0 0
25.05 86 0 0
25.06 86 0 0
25.07 86 0 0
25.08 86 0 0
25.09 86 0 0
25.1 85 0 0
25.11 85 0 0
25.12 85 0 0
25.13 85 0 0
25.14 85 0 0
25.15 85 0 0
25.16 85 0 0
25.17 85 0 0
25.18 85 0 0
25.19 85 0 0
25.2 85 0 0
25.21 85 0 0
25.22 85 0 0
25.23 85 0 0
25.24 85 0 0
25.25 85 0 0
25.26 85 0 0
25.27 84 0 0
25.28 84 0 0
25.29 84 0 0
25.3 83 0 0
25.31 83 0 0
25.32 83 0 0
25.33 83 0 0
25.34 83 0 0
25.35 82 0 0
25.36 82 0 0
25.37 82 0 0
25.38 82 0 0
25.39 82 0 0
25.4 82 0 0
25.41 82 0 0
25.42 81 0 0
25.43 81 0 0
25.44 81 0 0
25.45 81 0 0
25.46 81 0 0
25.47 81 0 0
25.48 81 0 0
25.49 81 0 0
25.5 81 0 0
25.51 81 0 0
25.52 81 0 0
25.53 81 0 0
25.54 80 0 0
25.55 80 0 0
25.56 80 0 0
25.57 80 0 0
25.58 80 0 0
25.59 80 0 0
25.6 80 0 0
25.61 80 0 0
25.62 80 0 0
25.63 80 0 0
25.64 80 0 0
25.65 80 0 0
25.66 80 0 0
25.67 80 0 0
25.68 80 0 0
25.69 79 0 0
25.7 79 0 0
25.71 79 0 0
25.72 79 0 0
25.73 79 0 0
25.74 79 0 0
25.75 79 0 0
25.76 79 0 0
25.77 79 0 0
25.78 79 0 0
25.79 79 0 0
25.8 79 0 0
25.81 79 0 0
25.82 79 0 0
25.83 79 0 0
25.84 79 0 0
25.85 79 0 0
25.86 79 0 0
25.87 79 0 0
25.88 79 0 0
25.89 79 0 0
25.9 79 0 0
25.91 78 0 0
25.92 78 0 0
25.93 78 0 0
25.94 78 0 0
25.95 78 0 0
25.96 78 0 0
25.97 78 0 0
25.98 78 0 0
25.99 78 0 0
26 78 0 0
26.01 78 0 0
26.02 78 0 0
26.03 78 0 0
26.04 78 0 0
26.05 78 0 0
26.06 78 0 0
26.07 78 0 0
26.08 78 0 0
26.09 78 0 0
26.1 78 0 0
26.11 78 0 0
26.12 78 0 0
26.13 78 0 0
26.14 78 0 0
26.15 77 0 0
26.16 77 0 0
26.17 76 0 0
26.18 76 0 0
26.19 76 0 0
26.2 76 0 0
26.21 76 0 0
26.22 76 0 0
26.23 76 0 0
26.24 76 0 0
26.25 76 0 0
26.26 76 0 0
26.27 76 0 0
26.28 76 0 0
26.29 76 0 0
26.3 76 0 0
26.31 76 0 0
26.32 76 0 0
26.33 76 0 0
26.34 76 0 0
26.35 76 0 0
26.36 76 0 0
26.37 76 0 0
26.38 76 0 0
26.39 76 0 0
26.4 76 0 0
26.41 76 0 0
26.42 76 0 0
26.43 76 0 0
26.44 75 0 0
26.45 75 0 0
26.46 75 0 0
26.47 75 0 0
26.48 75 0 0
26.49 75 0 0
26.5 75 0 0
26.51 75 0 0
26.52 75 0 0
26.53 75 0 0
26.54 75 0 0
26.55 75 0 0
26.56 75 0 0
26.57 75 0 0
26.58 75 0 0
26.59 75 0 0
26.6 75 0 0
26.61 75 0 0
26.62 75 0 0
26.63 75 0 0
26.64 75 0 0
26.65 75 0 0
26.66 75 0 0
26.67 75 0 0
26.68 75 0 0
26.69 75 0 0
26.7 75 0 0
26.71 75 0 0
26.72 75 0 0
26.73 75 0 0
26.74 75 0 0
26.75 75 0 0
26.76 75 0 0
26.77 75 0 0
26.78 75 0 0
26.79 74 0 0
26.8 73 0 0
26.81 73 0 0
26.82 73 0 0
26.83 73 0 0
26.84 73 0 0
26.85 73 0 0
26.86 73 0 0
26.87 73 0 0
26.88 73 0 0
26.89 73 0 0
26.9 73 0 0
26.91 73 0 0
26.92 73 0 0
26.93 73 0 0
26.94 73 0 0
26.95 73 0 0
26.96 73 0 0
26.97 73 0 0
26.98 73 0 0
26.99 73 0 0
27 73 0 0
27.01 73 0 0
27.02 73 0 0
27.03 73 0 0
27.04 73 0 0
27.05 73 0 0
27.06 73 0 0
27.07 72 0 0
27.08 72 0 0
27.09 72 0 0
27.1 72 0 0
27.11 72 0 0
27.12 72 0 0
27.13 71 0 0
27.14 71 0 0
27.15 71 0 0
27.16 71 0 0
27.17 71 0 0
27.18 71 0 0
27.19 70 0 0
27.2 70 0 0
27.21 70 0 0
27.22 70 0 0
27.23 70 0 0
27.24 70 0 0
27.25 70 0 0
27.26 70 0 0
27.27 70 0 0
27.28 70 0 0
27.29 70 0 0
27.3 70 0 0
27.31 70 0 0
27.32 70 0 0
27.33 70 0 0
27.34 70 0 0
27.35 70 0 0
27.36 70 0 0
27.37 70 0 0
27.38 70 0 0
27.39 70 0 0
27.4 70 0 0
27.41 70 0 0
27.42 69 0 0
27.43 69 0 0
27.44 69 0 0
27.45 69 0 0
27.46 69 0 0
27.47 69 0 0
27.48 69 0 0
27.49 69 0 0
27.5 69 0 0
27.51 69 0 0
27.52 69 0 0
27.53 69 0 0
27.54 69 0 0
27.55 69 0 0
27.56 69 0 0
27.57 69 0 0
27.58 69 0 0
27.59 69 0 0
27.6 69 0 0
27.61 69 0 0
27.62 69 0 0
27.63 69 0 0
27.64 69 0 0
27.65 69 0 0
27.66 69 0 0
27.67 69 0 0
27.68 69 0 0
27.69 67 0 0
27.7 67 0 0
27.71 67 0 0
27.72 67 0 0
27.73 67 0 0
27.74 67 0 0
27.75 67 0 0
27.76 67 0 0
27.77 67 0 0
27.78 67 0 0
27.79 67 0 0
27.8 67 0 0
27.81 67 0 0
27.82 67 0 0
27.83 67 0 0
27.84 67 0 0
27.85 67 0 0
27.86 66 0 0
27.87 66 0 0
27.88 66 0 0
27.89 66 0 0
27.9 66 0 0
27.91 65 0 0
27.92 65 0 0
27.93 65 0 0
27.94 65 0 0
27.95 64 0 0
27.96 64 0 0
27.97 63 0 0
27.98 63 0 0
27.99 63 0 0
28 63 0 0
28.01 63 0 0
28.02 63 0 0
28.03 63 0 0
28.04 63 0 0
28.05 63 0 0
28.06 63 0 0
28.07 63 0 0
28.08 63 0 0
28.09 63 0 0
28.1 63 0 0
28.11 63 0 0
28.12 63 0 0
28.13 63 0 0
28.14 63 0 0
28.15 62 0 0
28.16 62 0 0
28.17 62 0 0
28.18 62 0 0
28.19 62 0 0
28.2 62 0 0
28.21 62 0 0
28.22 62 0 0
28.23 62 0 0
28.24 62 0 0
28.25 62 0 0
28.26 62 0 0
28.27 62 0 0
28.28 62 0 0
28.29 62 0 0
28.3 62 0 0
28.31 62 0 0
28.32 62 0 0
28.33 62 0 0
28.34 62 0 0
28.35 61 0 0
28.36 61 0 0
28.37 61 0 0
28.38 61 0 0
28.39 61 0 0
28.4 61 0 0
28.41 61 0 0
28.42 61 0 0
28.43 61 0 0
28.44 61 0 0
28.45 61 0 0
28.46 61 0 0
28.47 61 0 0
28.48 61 0 0
28.49 61 0 0
28.5 61 0 0
28.51 61 0 0
28.52 61 0 0
28.53 61 0 0
28.54 61 0 0
28.55 61 0 0
28.56 61 0 0
28.57 61 0 0
28.58 61 0 0
28.59 61 0 0
28.6 60 0 0
28.61 60 0 0
28.62 60 0 0
28.63 60 0 0
28.64 60 0 0
28.65 60 0 0
28.66 60 0 0
28.67 60 0 0
28.68 60 0 0
28.69 60 0 0
28.7 60 0 0
28.71 60 0 0
28.72 60 0 0
28.73 60 0 0
28.74 60 0 0
28.75 60 0 0
28.76 60 0 0
28.77 60 0 0
28.78 60 0 0
28.79 60 0 0
28.8 60 0 0
28.81 60 0 0
28.82 60 0 0
28.83 60 0 0
28.84 60 0 0
28.85 59 0 0
28.86 59 0 0
28.87 59 0 0
28.88 59 0 0
28.89 59 0 0
28.9 58 0 0
28.91 58 0 0
28.92 58 0 0
28.93 58 0 0
28.94 58 0 0
28.95 58 0 0
28.96 58 0 0
28.97 58 0 0
28.98 58 0 0
28.99 58 0 0
29 58 0 0
29.01 58 0 0
29.02 58 0 0
29.03 58 0 0
29.04 58 0 0
29.05 58 0 0
29.06 58 0 0
29.07 58 0 0
29.08 58 0 0
29.09 58 0 0
29.1 57 0 0
29.11 57 0 0
29.12 57 0 0
29.13 57 0 0
29.14 57 0 0
29.15 57 0 0
29.16 57 0 0
29.17 57 0 0
29.18 57 0 0
29.19 57 0 0
29.2 57 0 0
29.21 57 0 0
29.22 57 0 0
29.23 57 0 0
29.24 57 0 0
29.25 57 0 0
29.26 57 0 0
29.27 57 0 0
29.28 57 0 0
29.29 57 0 0
29.3 57 0 0
29.31 57 0 0
29.32 57 0 0
29.33 57 0 0
29.34 57 0 0
29.35 56 0 0
29.36 56 0 0
29.37 56 0 0
29.38 56 0 0
29.39 56 0 0
29.4 56 0 0
29.41 56 0 0
29.42 56 0 0
29.43 55 0 0
29.44 55 0 0
29.45 55 0 0
29.46 54 0 0
29.47 54 0 0
29.48 54 0 0
29.49 54 0 0
29.5 54 0 0
29.51 54 0 0
29.52 54 0 0
29.53 54 0 0
29.54 54 0 0
29.55 54 0 0
29.56 54 0 0
29.57 54 0 0
29.58 54 0 0
29.59 54 0 0
29.6 54 0 0
29.61 54 0 0
29.62 54 0 0
29.62 54 0 0
