0 4000 0.011976 0.00214945 0.000583172 1.35072 -0.000316748 0.000989168 -0.000316748 0.115729 0.00158668 0.000989168 0.00158668 0.113028
2 1481 0.0958069 -0.014603 -0.0204319 1.52642 -1.4018e-05 0.00534827 -1.4018e-05 0.113368 -0.00121605 0.00534827 -0.00121605 0.109133
4.002 1249 0.230558 -0.00255264 -0.0183132 1.61675 -0.0312364 0.00272629 -0.0312364 0.117197 -0.00321698 0.00272629 -0.00321698 0.102149
6.002 1139 0.297997 -0.0129608 -0.0347018 1.58539 -0.0348846 0.0152278 -0.0348846 0.111741 -0.00305601 0.0152278 -0.00305601 0.107416
8.002 1145 0.302232 -0.0118027 -0.0102439 1.64881 -0.0427781 0.0154882 -0.0427781 0.10808 0.000530019 0.0154882 0.000530019 0.113308
10 1083 0.411394 -0.0400203 -0.0168273 1.66244 -0.0596035 0.03231 -0.0596035 0.106213 -0.00184984 0.03231 -0.00184984 0.112495
12 1187 0.390193 -0.0427402 -0.0467651 1.72814 -0.0471167 0.0436039 -0.0471167 0.100491 0.00307808 0.0436039 0.00307808 0.111564
14 1112 0.473204 -0.0477018 -0.057607 1.77212 -0.0675891 0.0382587 -0.0675891 0.0955174 0.00198792 0.0382587 0.00198792 0.107863
16 1138 0.574437 -0.0472088 -0.0576746 1.52801 -0.0506607 0.0369221 -0.0506607 0.0955139 0.000249052 0.0369221 0.000249052 0.10641
18 1093 0.635178 -0.0672277 -0.0820486 1.19137 -0.0580666 0.0249476 -0.0580666 0.105227 0.00208397 0.0249476 0.00208397 0.0996645
20.002 1074 0.736917 -0.0661362 -0.0630724 0.906432 -0.083027 0.0041737 -0.083027 0.110211 0.00305442 0.0041737 0.00305442 0.105815
22.002 1155 0.717668 -0.0577068 -0.0952323 0.82376 -0.0746544 0.0352611 -0.0746544 0.111821 0.00288151 0.0352611 0.00288151 0.105774
24.002 1162 0.758206 -0.0616243 -0.113777 0.697987 -0.0611097 0.0118637 -0.0611097 0.113753 -0.00311817 0.0118637 -0.00311817 0.10206
26.002 1075 0.829905 -0.0470346 -0.118188 0.611396 -0.0750324 0.0196412 -0.0750324 0.113802 -0.00042201 0.0196412 -0.00042201 0.102892
28.002 1091 0.865079 -0.150517 -0.0873156 0.649936 -0.0495359 0.0181804 -0.0495359 0.107276 -0.0076569 0.0181804 -0.0076569 0.0986583
30.002 1042 0.855358 -0.192136 -0.047672 0.816188 -0.0603582 -0.00548251 -0.0603582 0.090445 0.0010067 -0.00548251 0.0010067 0.10482
32.002 1075 0.616837 -0.170773 0.0022097 1.22894 -0.114121 -0.0529795 -0.114121 0.0908554 -0.000313289 -0.0529795 -0.000313289 0.111005
34.002 1090 0.320592 -0.119201 0.00630247 1.59283 -0.136183 -0.00148031 -0.136183 0.100483 -0.00681463 -0.00148031 -0.00681463 0.110766
36.002 1160 -0.168452 -0.0639442 0.0344695 1.7666 -0.118898 0.00676131 -0.118898 0.110401 -0.00479444 0.00676131 -0.00479444 0.102945
38 1126 -0.572488 9.60696e-05 0.00339276 1.36648 -0.0804228 0.00783257 -0.0804228 0.107829 -0.0102393 0.00783257 -0.0102393 0.110291
40 1168 -0.958694 0.0385156 0.00633038 0.812385 -0.0378587 0.00476456 -0.0378587 0.111236 -0.00567476 0.00476456 -0.00567476 0.103446
42 1226 -1.26923 0.0316427 -0.0190432 0.415824 -0.00857827 0.0110217 -0.00857827 0.105737 -0.00462652 0.0110217 -0.00462652 0.101916
44 1225 -1.37849 0.0456523 -0.0250548 0.342927 -0.00323083 0.00413266 -0.00323083 0.0973506 5.78958e-05 0.00413266 5.78958e-05 0.103857
46 1230 -1.44283 0.0404589 -0.0477666 0.259217 -0.00242946 0.00227955 -0.00242946 0.0993259 0.000699407 0.00227955 0.000699407 0.100937
48 1006 -1.42934 0.0465985 -0.0364807 0.524227 -0.00886555 0.0197625 -0.00886555 0.0963199 0.00205996 0.0197625 0.00205996 0.0887836
50 1045 -1.07033 0.057533 -0.0504106 1.23617 -0.0272248 0.0158187 -0.0272248 0.0933252 -0.00181969 0.0158187 -0.00181969 0.0889181
52 1046 -0.53504 0.0596197 -0.0294007 1.78319 -0.044013 0.0094324 -0.044013 0.0958556 0.000416565 0.0094324 0.000416565 0.0987989
54 1112 0.154367 0.0268935 -0.0345768 1.83348 -0.0689865 0.0336304 -0.0689865 0.103632 -0.00622312 0.0336304 -0.00622312 0.107141
56 1111 0.874653 -0.0244184 0.00656943 0.891353 -0.0287716 0.0233134 -0.0287716 0.103056 -0.00949043 0.0233134 -0.00949043 0.119852
