0 0 0
0.1 0.0380712 0.00314744
0.2 0.0691058 0.00968146
0.3 0.108864 0.0257059
0.4 0.139275 0.0419291
0.5 0.169705 0.0627539
0.6 0.206665 0.0862483
0.7 0.232366 0.102719
0.8 0.26576 0.144285
0.9 0.316511 0.206656
1 0.356542 0.258298
1.1 0.383329 0.301174
1.2 0.425673 0.371136
1.3 0.475662 0.470496
1.4 0.519175 0.599379
1.5 0.565451 0.68172
1.6 0.6036 0.76897
1.7 0.6435 0.890546
1.8 0.684012 1.01884
1.9 0.710113 1.10127
2 0.747587 1.19424
2.1 0.777887 1.2348
2.2 0.820259 1.37943
2.3 0.855634 1.51538
2.4 0.896465 1.64232
2.5 0.939122 1.81056
2.6 0.981504 1.98552
2.7 1.00389 2.0797
2.8 1.0302 2.25859
2.9 1.08098 2.42074
3 1.11846 2.54317
3.1 1.16502 2.76735
3.2 1.21306 2.97328
3.3 1.24608 3.24442
3.4 1.30031 3.49645
3.5 1.33012 3.51301
3.6 1.37506 3.72063
3.7 1.38913 3.78658
3.8 1.43166 3.9572
3.9 1.45301 4.02061
4 1.49103 4.22102
4.1 1.52802 4.47932
4.2 1.56499 4.71908
4.3 1.61536 5.04418
4.4 1.65219 5.30541
4.5 1.68684 5.43583
4.6 1.7032 5.56825
4.7 1.71364 5.4749
4.8 1.72504 5.57123
4.9 1.7327 5.59413
5 1.74638 5.70302
5.1 1.76631 5.83076
5.2 1.79408 6.03757
5.3 1.79682 6.06926
5.4 1.84361 6.41736
5.5 1.86649 6.46564
5.6 1.89908 6.71502
5.7 1.93921 7.08709
5.8 1.96717 7.36265
5.9 1.97257 7.25062
6 2.016 7.47713
6.1 2.05658 7.89323
6.2 2.06753 7.94543
6.3 2.10476 8.271
6.4 2.11666 8.37836
6.5 2.19186 9.01636
6.6 2.21374 9.14199
6.7 2.25624 9.50119
6.8 2.29734 9.70812
6.9 2.3332 9.92665
7 2.3769 10.3477
7.1 2.40836 10.75
7.2 2.42674 10.9475
7.3 2.49583 11.6945
7.4 2.55296 12.2156
7.5 2.61263 12.9472
7.6 2.61639 13.3099
7.7 2.64095 13.363
7.8 2.67913 13.8001
7.9 2.70729 13.906
8 2.71846 13.9731
8.1 2.70746 13.8934
8.2 2.75157 14.4161
8.3 2.77573 14.6877
8.4 2.75895 14.6194
8.5 2.78822 14.6615
8.6 2.84921 15.5582
8.7 2.9063 16.2583
8.8 2.95658 17.0042
8.9 3.00882 17.6483
9 3.00935 17.8341
9.1 3.03584 18.1205
9.2 3.10706 19.1701
9.3 3.14549 19.6867
9.4 3.18702 20.3106
9.5 3.20489 20.5016
9.6 3.242 21.0782
9.7 3.27244 21.3369
9.8 3.32827 22.21
9.9 3.35766 22.4142
10 3.41923 23.4738
10.1 3.50319 25.0829
10.2 3.54019 25.5587
10.3 3.55201 25.7504
10.4 3.58981 26.0287
10.5 3.63256 26.3855
10.6 3.68943 27.0884
10.7 3.66994 26.5196
10.8 3.73761 27.3246
10.9 3.80456 27.7577
11 3.86582 28.5107
11.1 3.8532 28.6315
11.2 3.89864 29.6002
11.3 3.95048 30.4789
11.4 3.96701 30.7378
11.5 3.97259 30.812
11.6 4.00439 31.2671
11.7 4.05204 32.4754
11.8 4.07597 33.0136
11.9 4.11739 33.6276
12 4.11556 33.9301
12.1 4.13573 34.6212
12.2 4.16581 35.3552
12.3 4.20215 36.0719
12.4 4.21775 35.8834
12.5 4.25036 36.6992
12.6 4.2493 36.7491
12.7 4.26467 37.0583
12.8 4.25965 36.9344
12.9 4.32605 38.1926
13 4.3804 39.1602
13.1 4.40764 39.7568
13.2 4.42379 40.1165
13.3 4.41559 40.9981
13.4 4.46137 41.4228
13.5 4.49253 42.8994
13.6 4.55348 43.8929
13.7 4.59958 45.1569
13.8 4.62009 45.5912
13.9 4.65374 46.9623
14 4.72771 48.793
14.1 4.75038 47.6893
14.2 4.77772 48.2221
14.3 4.81219 49.3092
14.4 4.83245 49.2597
14.5 4.88082 50.2278
14.6 4.89782 50.2654
14.7 4.92998 50.8599
14.8 4.9668 51.0916
14.9 5.01164 51.7546
15 5.07776 52.787
15.1 5.06265 52.5348
15.2 5.08073 52.8606
15.3 5.12667 52.6775
15.4 5.15234 52.1196
15.5 5.19267 53.2959
15.6 5.26817 54.8612
15.7 5.28817 55.5385
15.8 5.3466 56.6885
15.9 5.3858 57.5986
16 5.44545 59.7229
16.1 5.44659 60.2543
16.2 5.4502 59.7847
16.3 5.49863 59.5861
16.4 5.5192 60.4369
16.5 5.52775 60.4979
16.6 5.57198 61.4909
16.7 5.599 61.9261
16.8 5.62573 61.79
16.9 5.69854 62.766
17 5.71899 62.7835
17.1 5.72531 62.6218
17.2 5.78062 63.586
17.3 5.77337 63.3343
17.4 5.81306 63.8695
17.5 5.83671 64.5848
17.6 5.86487 64.9149
17.7 5.95583 67.0099
17.8 5.9434 66.4122
17.9 5.99448 67.8832
18 6.01982 68.4261
18.1 6.04318 69.0781
18.2 6.08277 70.3897
18.3 6.10458 70.9889
18.4 6.12214 71.2675
18.5 6.12611 70.1046
18.6 6.14898 69.6639
18.7 6.16164 69.6969
18.8 6.21563 72.1327
18.9 6.25889 72.2633
19 6.32567 73.8076
19.1 6.32826 73.6971
19.2 6.36511 73.7633
19.3 6.33619 73.3503
19.4 6.40057 74.993
19.5 6.44349 76.482
19.6 6.50759 77.3642
19.7 6.55661 78.6061
19.8 6.58667 79.6419
19.9 6.58224 79.9381
20 6.59939 81.1539
20.1 6.65431 82.6135
20.2 6.73539 85.0733
20.3 6.72143 83.9177
20.4 6.72639 83.6232
20.5 6.75515 84.2375
20.6 6.75929 83.754
20.7 6.8354 86.3443
20.8 6.84298 86.9347
20.9 6.85411 87.5389
21 6.87261 88.3357
21.1 6.91449 89.8087
21.2 6.93687 90.8785
21.3 6.96167 91.3459
21.4 7.01566 93.1901
21.5 7.01706 92.6082
21.6 7.03348 93.7993
21.7 7.11521 95.8169
21.8 7.142 96.9469
21.9 7.16082 97.4471
22 7.23607 99.7834
22.1 7.27642 100.671
22.2 7.30071 100.784
22.3 7.33606 101.799
22.4 7.33566 103.272
22.5 7.36439 104.606
22.6 7.43609 106.317
22.7 7.51284 110.359
22.8 7.56822 113.271
22.9 7.67986 116.834
23 7.6934 116.946
23.1 7.74797 118.452
23.2 7.76235 118.251
23.3 7.80714 119.709
23.4 7.91776 122.709
23.5 8.00635 125.457
23.6 8.01461 125.942
23.7 8.04302 126.337
23.8 8.06831 127.698
23.9 8.15003 130.272
24 8.15888 129.92
24.1 8.21072 132.553
24.2 8.26213 134.2
24.3 8.28596 134.187
24.4 8.30306 134.404
24.5 8.30834 134.703
24.6 8.36567 136.842
24.7 8.41187 139.081
24.8 8.46268 142.038
24.9 8.4277 140.556
25 8.44088 141.254
25.1 8.47043 141.221
25.2 8.49478 141.614
25.3 8.50089 141.772
25.4 8.53181 143.388
25.5 8.52162 143.47
25.6 8.49706 143.605
25.7 8.52028 144.25
25.8 8.57687 146.169
25.9 8.65317 148.26
26 8.70146 149.121
26.1 8.7652 151.343
26.2 8.79418 152.24
26.3 8.7921 152.806
26.4 8.79424 151.922
26.5 8.86634 155.487
26.6 8.88813 156.615
26.7 8.8693 156.55
26.8 8.84817 153.652
26.9 8.90189 154.913
27 8.99884 159.417
27.1 9.03286 159.426
27.2 9.11654 162.148
27.3 9.13965 163.323
27.4 9.20332 165.574
27.5 9.24657 166.822
27.6 9.32456 170.334
27.7 9.34901 170.33
27.8 9.4532 174.616
27.9 9.47364 174.36
28 9.54187 177.391
28.1 9.50608 177.55
28.2 9.54036 177.675
28.3 9.5418 177.925
28.4 9.57615 178.385
28.5 9.57285 179.231
28.6 9.64201 182.962
28.7 9.69722 184.652
28.8 9.72893 186.906
28.9 9.75084 191.084
29 9.8117 192.737
29.1 9.9292 196.048
29.2 9.97074 197.423
29.3 10.0103 197.419
29.4 10.018 199.59
29.5 10.0089 199.838
29.6 10.0142 199.266
29.7 10.0016 197.904
29.8 10.026 197.851
29.9 10.093 201.758
30 10.0987 203.134
30.1 10.1139 204.357
30.2 10.0916 204.337
30.3 10.1388 204.861
30.4 10.2077 206.225
30.5 10.2436 210.49
30.6 10.312 212.638
30.7 10.3424 211.584
30.8 10.3388 213.277
30.9 10.4146 216.774
31 10.5089 221.725
31.1 10.5714 223.535
31.2 10.536 219.909
31.3 10.6129 222.652
31.4 10.6442 224.196
31.5 10.6695 225.327
31.6 10.6208 224.206
31.7 10.6914 226.112
31.8 10.6915 226.523
31.9 10.832 232.587
32 10.9087 237.898
32.1 10.9611 239.858
32.2 11.0091 240.498
32.3 11.0994 244.391
32.4 11.1766 245.819
32.5 11.1997 245.743
32.6 11.1949 245.356
32.7 11.2452 248.267
32.8 11.3011 252.916
32.9 11.3613 256.935
33 11.4022 257.88
33.1 11.4229 259.595
33.2 11.4619 262.493
33.3 11.5277 265.511
33.4 11.5468 267.644
33.5 11.6013 269.703
33.6 11.6268 271.896
33.7 11.6847 277.388
33.8 11.7599 281.874
33.9 11.8482 286.376
34 11.8857 286.061
34.1 11.8874 284.448
34.2 11.9586 289.529
34.3 12.0311 294.257
34.4 12.0107 292.309
34.5 12.0649 293.991
34.6 12.1024 294.607
34.7 12.2131 300.899
34.8 12.2561 304.123
34.9 12.2193 300.545
35 12.202 297.038
35.1 12.2348 296.119
35.2 12.2684 298.719
35.3 12.2939 299.968
35.4 12.344 300.997
35.5 12.4085 302.335
35.6 12.4098 301.1
35.7 12.408 300.348
35.8 12.3794 298.731
35.9 12.4583 301.891
36 12.6143 311.015
36.1 12.6115 310.764
36.2 12.6708 312.728
36.3 12.6946 313.543
36.4 12.7076 314.968
36.5 12.76 318.504
36.6 12.7687 317.399
36.7 12.7983 320.314
36.8 12.8339 321.417
36.9 12.9473 328.653
37 12.967 331.012
37.1 13.0307 332.585
37.2 12.9378 327.02
37.3 12.9661 329.842
37.4 12.9922 331.423
37.5 12.9739 329.752
37.6 12.9366 330.145
37.7 12.9951 332.777
37.8 13.0492 336.047
37.9 13.1481 339.833
38 13.1785 342.612
38.1 13.2352 350.03
38.2 13.2564 351.162
38.3 13.3143 356.424
38.4 13.4348 361.119
38.5 13.4833 367.007
38.6 13.477 367.313
38.7 13.5732 372.657
38.8 13.5541 367.91
38.9 13.6512 368.986
39 13.6982 373.251
39.1 13.7445 374.091
39.2 13.7863 374.824
39.3 13.7689 374.094
39.4 13.7983 376.339
39.5 13.9558 386.627
39.6 13.9961 388.055
39.7 14.0738 388.675
39.8 14.1616 396.039
39.9 14.1794 397.273
40 14.2706 401.276
40.1 14.3066 402.123
40.2 14.3318 403.694
40.3 14.2885 401.95
40.4 14.2711 399.132
40.5 14.3449 405.126
40.6 14.354 405.905
40.7 14.4279 409.558
40.8 14.4134 412.658
40.9 14.4061 410.784
41 14.3357 408.763
41.1 14.4513 415.335
41.2 14.4853 416.838
41.3 14.5013 416.058
41.4 14.4589 411.334
41.5 14.4878 412.754
41.6 14.4515 411.134
41.7 14.4925 412.97
41.8 14.4872 410.55
41.9 14.4951 414.572
42 14.4808 413.843
42.1 14.5014 416.638
42.2 14.5745 422.644
42.3 14.673 431.148
42.4 14.6888 435.945
42.5 14.6951 437.972
42.6 14.7392 440.14
42.7 14.8128 439.834
42.8 14.7904 436.186
42.9 14.8467 439.602
43 14.9004 443.675
43.1 14.952 446.462
43.2 15.035 452.789
43.3 15.0591 452.764
43.4 15.1378 454.039
43.5 15.138 451.347
43.6 15.187 454.005
43.7 15.1607 451.093
43.8 15.1038 446.243
43.9 15.0919 448.723
44 15.1691 452.36
44.1 15.1851 452.943
44.2 15.2733 456.001
44.3 15.3805 460.382
44.4 15.3539 457.297
44.5 15.4833 464.45
44.6 15.4543 464.072
44.7 15.5409 470.271
44.8 15.54 467.214
44.9 15.5648 468.671
45 15.6486 474.022
45.1 15.5522 468.595
45.2 15.6405 472.54
45.3 15.6028 467.707
45.4 15.5859 468.169
45.5 15.6804 473.157
45.6 15.7603 476.437
45.7 15.7741 478.466
45.8 15.8532 486.548
45.9 15.8566 487.276
46 15.8694 489.941
46.1 16.0595 504.034
46.2 16.1224 506.11
46.3 16.1462 505.573
46.4 16.2344 510.521
46.5 16.3448 519.639
46.6 16.3684 520.287
46.7 16.324 514.997
46.8 16.356 516.284
46.9 16.4619 522.011
47 16.4818 524.787
47.1 16.5315 530.899
47.2 16.6271 539.973
47.3 16.6655 540.177
47.4 16.691 542.247
47.5 16.6883 540.952
47.6 16.65 540.131
47.7 16.6412 541.223
47.8 16.6293 541.127
47.9 16.6726 544.34
48 16.6891 546.03
48.1 16.6984 545.778
48.2 16.8241 549.978
48.3 16.8895 553.281
48.4 16.8954 552.849
48.5 16.967 557.116
48.6 17.0525 564.305
48.7 17.0713 564.839
48.8 17.0888 577.068
48.9 17.1305 577.658
49 17.2021 584.393
49.1 17.1751 585.854
49.2 17.2308 589.185
49.3 17.2266 588.747
49.4 17.2826 591.339
49.5 17.3774 599.106
49.6 17.3473 598.537
49.7 17.5604 615.548
49.8 17.5583 614.346
49.9 17.6301 621.615
50 17.6654 626.993
50.1 17.5891 619.892
50.2 17.6089 622.122
50.3 17.6117 623.922
50.4 17.6572 628.449
50.5 17.6345 627.182
50.6 17.686 628.475
50.7 17.7075 631.067
50.8 17.7536 636.032
50.9 17.8399 641.333
51 17.9299 649.482
51.1 17.984 655.892
51.2 18.1062 667.139
51.3 18.0669 666.587
51.4 18.1414 673.117
51.5 18.233 678.42
51.6 18.3122 679.272
51.7 18.4116 689.831
51.8 18.3346 684.055
51.9 18.4108 690.632
52 18.464 695.412
52.1 18.588 703.995
52.2 18.6105 705.622
52.3 18.7349 719.16
52.4 18.7893 722.237
52.5 18.7462 716.512
52.6 18.8354 730.374
52.7 18.875 732.329
52.8 18.9888 740.338
52.9 19.0976 746.836
53 19.1581 754.587
53.1 19.1885 754.91
53.2 19.1825 752.543
53.3 19.2427 753.257
53.4 19.2715 754.762
53.5 19.3991 760.784
53.6 19.4164 763.532
53.7 19.4779 770.163
53.8 19.5086 774.71
53.9 19.5444 776.78
54 19.649 788.237
54.1 19.7742 795.282
54.2 19.8326 803.297
54.3 19.8911 814.883
54.4 19.9691 820.731
54.5 20.083 825.154
54.6 20.1149 821.341
54.7 20.0917 823.518
54.8 20.1407 826.901
54.9 20.248 841.566
55 20.3305 850.396
55.1 20.3707 855.421
55.2 20.3408 857.34
55.3 20.373 856.412
55.4 20.3835 853.232
55.5 20.4115 855.792
55.6 20.4696 859.353
55.7 20.4636 856.275
55.8 20.4983 861.484
55.9 20.5742 864.835
56 20.6098 862.054
56.1 20.6633 857.846
56.2 20.7103 859.186
56.3 20.7777 868.039
56.4 20.7401 862.077
56.5 20.7405 859.46
56.6 20.7888 857.27
56.7 20.8282 863.49
56.8 20.8571 862.393
56.9 20.9679 872.538
57 21.0917 883.115
57.1 20.984 871.105
57.2 21.0512 881.27
57.3 21.129 886.672
57.4 21.1214 888.926
57.5 21.1579 891.154
57.6 21.2809 901.24
57.7 21.2894 905.799
57.8 21.4122 915.015
57.9 21.4883 925.515
58 21.6024 933.273
58.1 21.545 923.442
58.2 21.5351 924.427
58.3 21.5353 924.52
58.4 21.6197 933.261
58.5 21.6516 938.483
58.6 21.7947 946.437
58.7 21.8278 946.444
58.8 21.9609 959.747
58.9 21.8458 950.41
59 21.869 952.573
59.1 21.9662 959.965
59.2 21.9906 964.461
59.3 22.0833 975.625
59.4 22.1558 977.375
59.5 22.2846 989.046
59.6 22.3842 994.399
59.7 22.3665 995.584
59.8 22.4355 1003.73
59.9 22.5741 1012.82
60 22.4661 998.739
60.1 22.561 1008.04
60.2 22.6207 1019.4
60.3 22.6548 1025.14
60.4 22.6938 1032.98
60.5 22.718 1030.82
60.6 22.7573 1023.79
60.7 22.8046 1030.78
60.8 22.6968 1017.72
60.9 22.7371 1019.41
61 22.8226 1024.89
61.1 22.8718 1030.25
61.2 22.9249 1034.88
61.3 22.943 1036.53
61.4 22.9652 1039.35
61.5 23.117 1049.53
61.6 23.2301 1058.82
61.7 23.2483 1062.04
61.8 23.2425 1056.61
61.9 23.2288 1062.59
62 23.2515 1070.34
62.1 23.3395 1073.19
62.2 23.3603 1073.41
62.3 23.3221 1070.97
62.4 23.3678 1071.79
62.5 23.3363 1069.42
62.6 23.3445 1069.96
62.7 23.4889 1084.81
62.8 23.4005 1078.71
62.9 23.4183 1081.28
63 23.4308 1075.77
63.1 23.5085 1081.03
63.2 23.4734 1079.44
63.3 23.4515 1076.64
63.4 23.5658 1090.81
63.5 23.5229 1085.09
63.6 23.5871 1088.9
63.7 23.5861 1086.43
63.8 23.5824 1081.78
63.9 23.6041 1095.18
64 23.6875 1110.11
64.1 23.773 1122.35
64.2 23.8267 1131.25
64.3 23.9188 1133.77
64.4 23.9736 1138.79
64.5 24.0829 1146.06
64.6 24.1585 1153.63
64.7 24.2303 1156.3
64.8 24.3492 1164.75
64.9 24.4053 1169.78
65 24.597 1186.12
65.1 24.7381 1198.64
65.2 24.8218 1207.54
65.3 24.8232 1209.75
65.4 24.7776 1199.46
65.5 24.8982 1210
65.6 24.9002 1204.58
65.7 24.9387 1209.06
65.8 24.8555 1203.01
65.9 24.9607 1214.49
66 24.9386 1210.87
66.1 24.8708 1202.84
66.2 24.8057 1195.18
66.3 24.8039 1195.83
66.4 24.784 1190.6
66.5 24.8138 1199.61
66.6 24.8383 1199.25
66.7 24.8207 1196.5
66.8 24.855 1205.76
66.9 24.9497 1223.78
67 25.0626 1233.17
67.1 25.0192 1227.93
67.2 25.0921 1235.24
67.3 25.048 1225.98
67.4 25.07 1229.9
67.5 25.0705 1227.71
67.6 25.0293 1225.7
67.7 25.047 1225.13
67.8 25.0217 1224.51
67.9 24.9721 1218.42
68 25.0179 1225.12
68.1 25.0604 1230.91
68.2 25.0833 1231.29
68.3 25.1104 1236.17
68.4 25.1173 1228.23
68.5 25.1776 1234.56
68.6 25.1915 1241.31
68.7 25.2014 1246.84
68.8 25.184 1244.69
68.9 25.1372 1237.89
69 25.1521 1235.93
69.1 25.1296 1236.5
69.2 25.2425 1246.93
69.3 25.3235 1256.03
69.4 25.2704 1247.87
69.5 25.3057 1254.81
69.6 25.3939 1255.22
69.7 25.3829 1251.5
69.8 25.4141 1265.54
69.9 25.486 1275.19
70 25.5471 1281.11
70.1 25.6072 1284.2
70.2 25.5929 1281.69
70.3 25.5731 1277.22
70.4 25.6796 1284.84
70.5 25.7077 1281.18
70.6 25.8061 1291.52
70.7 25.8265 1296.1
70.8 25.8802 1299.93
70.9 25.8353 1289.61
71 25.857 1291.68
71.1 25.8363 1281.49
71.2 25.8795 1287.12
71.3 25.9088 1290.88
71.4 25.9281 1295.78
71.5 25.9182 1291.86
71.6 25.9589 1300.9
71.7 25.9845 1299.14
71.8 25.9648 1301.15
71.9 26.0359 1307.24
72 26.0478 1308.52
72.1 26.0558 1305.17
72.2 26.0508 1312.25
72.3 26.1341 1318.82
72.4 26.1539 1319.97
72.5 26.1807 1315.87
72.6 26.1943 1315.27
72.7 26.1811 1317.63
72.8 26.0689 1303.4
72.9 26.1016 1310.06
73 26.147 1312.28
73.1 26.31 1330.72
73.2 26.3008 1325.04
73.3 26.33 1332.09
73.4 26.2706 1326.54
73.5 26.285 1331.27
73.6 26.2707 1328.82
73.7 26.3691 1340.93
73.8 26.3668 1346.48
73.9 26.386 1341.03
74 26.5375 1359.68
74.1 26.4723 1355.14
74.2 26.4417 1351.88
74.3 26.4666 1355.41
74.4 26.4334 1354.36
74.5 26.487 1364.07
74.6 26.6276 1368.64
74.7 26.7174 1376.23
74.8 26.6796 1372.56
74.9 26.6484 1368.79
75 26.7709 1384.04
75.1 26.8392 1390.7
75.2 26.8861 1403.77
75.3 26.9544 1413.64
75.4 26.8337 1403.72
75.5 26.98 1423.79
75.6 27.0357 1426.29
75.7 27.1426 1439.41
75.8 27.1759 1436.97
75.9 27.042 1423.76
76 27.1609 1435.07
76.1 27.2039 1442.92
76.2 27.2417 1441.4
76.3 27.2314 1441.11
76.4 27.2264 1438.44
76.5 27.3395 1448.19
76.6 27.3736 1444.79
76.7 27.4367 1448.22
76.8 27.5254 1454.42
76.9 27.476 1461.14
77 27.438 1457.97
77.1 27.3403 1445.13
77.2 27.4281 1454.27
77.3 27.5219 1472.59
77.4 27.4897 1466.94
77.5 27.4827 1459.41
77.6 27.5859 1476
77.7 27.602 1479.08
77.8 27.5369 1472.1
77.9 27.6175 1479.33
78 27.7677 1488.12
78.1 27.6886 1482.32
78.2 27.6971 1478.71
78.3 27.5875 1464.15
78.4 27.6449 1470.93
78.5 27.5971 1472.87
78.6 27.6507 1476.66
78.7 27.765 1483.49
78.8 27.7639 1481.96
78.9 27.7834 1478.45
79 27.7402 1478.43
79.1 27.7721 1483.51
79.2 27.7497 1480.19
79.3 27.8218 1490.35
79.4 27.8721 1497.34
79.5 27.8226 1493.91
79.6 27.8293 1493.01
79.7 27.8103 1498.7
79.8 27.8154 1501.73
79.9 27.9263 1510.73
80 27.9728 1507.27
80.1 27.9622 1510.69
80.2 28.0037 1512.42
80.3 28.0868 1518.65
80.4 28.083 1520.42
80.5 28.1034 1527.03
80.6 28.004 1521.73
80.7 28.035 1524.69
80.8 28.1701 1539.9
80.9 28.1868 1541.78
81 28.1581 1541.95
81.1 28.2498 1554.29
81.2 28.1767 1541.48
81.3 28.2498 1551.47
81.4 28.308 1553.18
81.5 28.3825 1563.14
81.6 28.4206 1569.29
81.7 28.5374 1580.83
81.8 28.5829 1586.2
81.9 28.604 1583.45
82 28.5649 1581.69
82.1 28.5424 1579.07
82.2 28.5944 1577.86
82.3 28.765 1598.73
82.4 28.9014 1613.01
82.5 28.9078 1610.45
82.6 28.9598 1613.31
82.7 29.0233 1618.02
82.8 29.1388 1619.82
82.9 29.2608 1623.68
83 29.2897 1631.15
83.1 29.3838 1646.42
83.2 29.2964 1640.53
83.3 29.3425 1646.14
83.4 29.4698 1654.41
83.5 29.6103 1666.7
83.6 29.6193 1660.48
83.7 29.5924 1664.14
83.8 29.7144 1679.03
83.9 29.7764 1682.46
84 29.9114 1703.58
84.1 30.0153 1703.95
84.2 30.0416 1705.35
84.3 30.0804 1711.04
84.4 30.15 1716.25
84.5 30.1373 1707.74
84.6 30.1976 1715.64
84.7 30.2954 1722.8
84.8 30.3354 1726.86
84.9 30.3988 1738.19
85 30.3726 1743.67
85.1 30.3128 1733.75
85.2 30.2855 1730.17
85.3 30.2359 1726.34
85.4 30.2963 1735.79
85.5 30.3449 1741.76
85.6 30.3468 1745.67
85.7 30.402 1751.33
85.8 30.4444 1759.36
85.9 30.5129 1770.06
86 30.5408 1775.73
86.1 30.6241 1788.97
86.2 30.7093 1801.58
86.3 30.8371 1820.89
86.4 30.813 1821.53
86.5 30.8468 1823.65
86.6 30.8257 1823.9
86.7 30.8947 1835.66
86.8 30.8846 1844.08
86.9 30.9356 1857.67
87 30.9517 1862.59
87.1 31.0359 1878.94
87.2 31.0208 1870.59
87.3 31.0484 1872.64
87.4 31.0907 1882.19
87.5 31.16 1884.45
87.6 31.2523 1897.94
87.7 31.2954 1905.6
87.8 31.2029 1896.03
87.9 31.2883 1904.44
88 31.4242 1921.35
88.1 31.5393 1934.33
88.2 31.5377 1934.54
88.3 31.5261 1930.29
88.4 31.5121 1926.09
88.5 31.5226 1925.45
88.6 31.5901 1937.51
88.7 31.636 1940.94
88.8 31.7209 1956.36
88.9 31.812 1976.13
89 31.7352 1968.84
89.1 31.805 1978.1
89.2 31.8871 1979.03
89.3 31.8783 1976.94
89.4 31.9288 1985.92
89.5 31.8657 1971.36
89.6 31.8707 1978.44
89.7 31.7837 1961.93
89.8 31.8652 1979.98
89.9 31.9396 1986.09
90 32.0374 1998
90.1 31.9867 1991.9
90.2 32.0249 1993.89
90.3 32.0124 1998.19
90.4 32.1012 2005.58
90.5 32.331 2032.84
90.6 32.4221 2046.78
90.7 32.3959 2035.93
90.8 32.4467 2039.17
90.9 32.4669 2035.86
91 32.4741 2033.37
91.1 32.4715 2034.31
91.2 32.52 2034.25
91.3 32.5758 2031.52
91.4 32.7959 2056.15
91.5 32.8685 2068.74
91.6 33.0374 2086.75
91.7 33.0346 2084.48
91.8 33.0038 2076.22
91.9 33.0688 2083.95
92 33.1546 2106.63
92.1 33.2296 2125.84
92.2 33.3728 2145.76
92.3 33.4496 2146.09
92.4 33.4211 2152.84
92.5 33.3968 2149.56
92.6 33.5286 2155.07
92.7 33.4605 2145.34
92.8 33.4849 2160.2
92.9 33.4357 2150.82
93 33.6531 2177.92
93.1 33.7142 2179.41
93.2 33.6531 2180.12
93.3 33.8304 2202.8
93.4 33.8646 2209.23
93.5 33.8512 2215.58
93.6 34.0083 2242.7
93.7 34.0198 2237.27
93.8 34.1182 2256.68
93.9 34.19 2270.57
94 34.2431 2281.07
94.1 34.387 2293.41
94.2 34.4383 2294.3
94.3 34.4827 2297.11
94.4 34.4794 2291.28
94.5 34.4975 2297.3
94.6 34.4893 2298.82
94.7 34.5773 2309.73
94.8 34.5717 2312.55
94.9 34.583 2314.6
95 34.6013 2319.9
95.1 34.5472 2318.17
95.2 34.502 2309.68
95.3 34.6811 2321.09
95.4 34.7877 2336.02
95.5 34.8415 2342.05
95.6 34.9128 2347.37
95.7 34.9344 2343.32
95.8 34.8766 2330.08
95.9 34.8715 2333.46
96 34.9564 2337.39
96.1 34.8705 2325.39
96.2 34.825 2310.87
96.3 34.8119 2297.29
96.4 34.8443 2298.47
96.5 34.877 2296.16
96.6 34.9457 2294.21
96.7 34.9709 2295.52
96.8 34.9516 2284.07
96.9 35.109 2301.2
97 35.2776 2324.37
97.1 35.2904 2327.16
97.2 35.4277 2341.64
97.3 35.4931 2357.15
97.4 35.5465 2371.01
97.5 35.5077 2373.29
97.6 35.5257 2384.06
97.7 35.6596 2404.57
97.8 35.6807 2391.02
97.9 35.7345 2408.44
98 35.8344 2422.69
98.1 35.7579 2413.11
98.2 35.597 2390.03
98.3 35.6075 2399.97
98.4 35.6189 2394.47
98.5 35.6514 2389.23
98.6 35.7519 2400.24
98.7 35.8691 2405.59
98.8 35.8643 2410.19
98.9 35.9601 2412.9
99 36.0358 2431.91
99.1 36.0623 2440.81
99.2 36.0497 2435.61
99.3 36.0572 2431.81
99.4 36.2071 2461.09
99.5 36.2857 2477.11
99.6 36.3274 2483.41
99.7 36.4359 2508.02
99.8 36.4338 2519.25
99.9 36.4556 2520.92
100 36.5778 2538.5
