0 0 0 0
0.1 25 0 0
0.2 35 2 0
0.3 51 4 0
0.4 58 7 0
0.5 69 10 0
0.6 81 11 0
0.7 86 14 0
0.8 96 14 0
0.9 99 16 0
1 104 17 0
1.1 113 19 0
1.2 115 20 0
1.3 118 24 0
1.4 120 26 0
1.5 128 27 0
1.6 137 28 0
1.7 142 28 0
1.8 154 29 0
1.9 160 29 0
2 161 30 0
2.1 166 31 0
2.2 171 32 0
2.3 176 32 0
2.4 180 35 0
2.5 180 36 0
2.6 184 39 0
2.7 188 40 1
2.8 191 40 1
2.9 193 40 1
3 196 41 1
3.1 196 41 1
3.2 198 43 1
3.3 202 45 2
3.4 207 45 2
3.5 208 45 2
3.6 209 46 2
3.7 214 48 2
3.8 219 51 2
3.9 223 54 2
4 225 58 2
4.1 228 63 3
4.2 230 65 3
4.3 230 67 3
4.4 233 68 3
4.5 234 68 4
4.6 234 71 4
4.7 236 71 4
4.8 237 73 4
4.9 239 76 4
5 242 76 4
5.1 243 77 4
5.2 247 77 4
5.3 247 78 5
5.4 248 80 5
5.5 250 81 5
5.6 253 82 5
5.7 255 85 5
5.8 259 87 5
5.9 260 90 5
6 262 91 5
6.1 265 93 5
6.2 265 94 5
6.3 269 96 5
6.4 270 100 5
6.5 275 102 5
6.6 276 106 5
6.7 278 108 5
6.8 280 110 5
6.9 281 111 5
7 285 111 5
7.1 288 113 6
7.2 291 117 6
7.3 292 117 6
7.4 295 118 6
7.5 298 119 6
7.6 298 121 6
7.7 300 121 6
7.8 301 123 6
7.9 303 123 6
8 306 124 6
8.1 308 125 6
8.2 308 129 6
8.3 309 133 6
8.4 312 133 6
8.5 312 133 6
8.6 312 134 6
8.7 315 134 6
8.8 317 134 6
8.9 318 135 6
9 320 137 6
9.1 323 139 6
9.2 325 139 6
9.3 326 142 6
9.4 329 143 6
9.5 330 143 6
9.6 333 146 6
9.7 334 146 6
9.8 335 146 7
9.9 338 146 7
10 342 149 8
10.1 342 151 8
10.2 344 151 8
10.3 345 153 8
10.4 345 154 8
10.5 347 156 8
10.6 350 156 8
10.7 353 157 8
10.8 355 157 8
10.9 358 158 8
11 358 159 8
11.1 362 161 8
11.2 363 161 8
11.3 364 162 8
11.4 365 164 8
11.5 367 166 8
11.6 368 167 8
11.7 370 168 8
11.8 372 169 8
11.9 375 169 8
12 376 171 8
12.1 380 174 8
12.2 382 177 8
12.3 385 179 8
12.4 387 182 8
12.5 387 183 8
12.6 391 185 8
12.7 392 188 8
12.8 394 189 8
12.9 394 190 8
13 394 196 8
13.1 397 199 8
13.2 398 199 9
13.3 399 199 10
13.4 400 199 10
13.5 400 202 10
13.6 403 202 10
13.7 404 202 11
13.8 408 202 11
13.9 408 202 11
14 408 203 11
14.1 410 205 11
14.2 411 207 11
14.3 415 207 11
14.4 417 207 12
14.5 419 208 12
14.6 422 210 12
14.7 423 211 12
14.8 423 211 13
14.9 424 212 13
15 425 213 13
15.1 425 213 13
15.2 426 213 13
15.3 426 213 13
15.4 426 216 13
15.5 427 219 13
15.6 427 219 13
15.7 427 221 13
15.8 427 224 13
15.9 429 226 13
16 431 226 13
16.1 431 227 13
16.2 431 227 13
16.3 433 229 13
16.4 434 231 13
16.5 434 234 13
16.6 436 235 13
16.7 439 235 13
16.8 440 235 13
16.9 441 238 13
17 442 240 14
17.1 444 241 15
17.2 446 242 15
17.3 448 243 15
17.4 452 243 15
17.5 452 245 15
17.6 454 246 16
17.7 456 249 16
17.8 457 251 16
17.9 458 252 17
18 459 253 17
18.1 459 256 17
18.2 459 257 17
18.3 461 258 17
18.4 463 259 17
18.5 463 261 17
18.6 464 263 17
18.7 466 264 18
18.8 467 264 18
18.9 468 265 18
19 471 265 18
19.1 473 265 18
19.2 474 265 18
19.3 475 266 18
19.4 475 266 18
19.5 476 266 18
19.6 477 267 18
19.7 480 267 18
19.8 480 268 18
19.9 481 268 19
20 483 268 19
20.1 484 269 19
20.15 484 271 19
