0 0 0
0.1 0.716981 1.18896
0.3 1.82978 7.87024
0.4 2.57055 15.9154
0.5 3.12505 25.3101
0.6 3.72923 34.174
0.7 4.18377 42.7272
0.9 5.05179 63.2583
1 5.33241 70.8635
1.2 6.11925 86.48
1.3 6.50487 97.0564
1.5 7.24604 118.291
1.6 7.49927 125.569
1.8 8.59894 171.704
2 9.83612 212.187
2.2 10.5964 251.488
2.4 10.8263 271.121
2.6 11.8051 312.147
2.9 13.6154 435.489
3.1 14.6436 483.034
3.4 15.7302 560.202
3.6 16.716 609.291
3.9 17.2657 630.575
4.2 18.9881 724.88
4.5 20.0599 811.829
4.8 21.8047 954.497
5.2 24.0217 1153.97
5.5 24.8272 1253.93
5.9 26.2338 1447.46
6.3 27.6327 1515.88
6.7 29.7709 1814.63
7.1 29.9124 1753.94
7.6 32.6051 2011.48
8.1 33.9735 2243
8.6 35.2748 2517.62
9.1 36.4483 2699.9
9.6 38.8556 3136.01
10.2 40.9946 3514.32
10.8 43.6305 3976.52
11.5 47.6318 4695.33
12.1 49.9596 5069.77
12.8 54.0378 5634.29
13.6 57.9041 6399.94
14.3 59.1814 6769.23
15.2 63.3162 7672.12
16 65.5965 8457.87
16.9 69.9352 9564.88
17.9 73.0716 10387.5
18.9 76.3673 11850.4
19.9 81.6932 13433.4
21 86.6096 14885.3
22.1 92.317 17094.3
23.3 97.437 18970.9
24.6 101.777 21489.5
25.9 110.34 24880.8
27.3 116.125 27403.8
28.8 120.415 30070.7
30.3 125.304 33241.7
31.9 132.144 37663.6
33.6 139.773 43923.8
35.4 149.741 49417.9
37.3 157.855 54982.5
39.2 168.456 63017.9
41.3 180.051 70088.9
43.5 186.573 74025.7
45.7 193.787 77379
48.1 199.562 82245.6
50.6 210.01 90896.5
53.2 221.985 101007
56 226.383 101185
58.9 271.45 477943
61.9 272.957 453626
65.1 291.559 497197
68.5 296.396 501534
72 306.967 528209
75.7 314.308 465225
79.6 335.015 531363
83.7 350.29 475447
88 367.083 477752
92.5 390.561 560227
97.2 403.938 604719
102.1 427.171 624400
107.3 444.81 594979
112.8 460.13 627490
118.5 478.307 684138
124.6 492.452 656259
130.9 517.254 685861
137.5 546.94 764883
144.5 564.867 802273
