0 5 5 10
1 2 8 10
2.001 4 6 10
3.001 3 7 10
4.001 5 5 10
5 3 7 10
6 4 6 10
7 2 8 10
8 6 4 10
9 3 7 10
10.001 2 8 10
11.001 6 4 10
12.001 3 7 10
13.001 3 7 10
14.001 3 7 10
15.001 1 9 10
16.001 2 8 10
17.001 4 6 10
18.001 4 6 10
19 4 6 10
20 4 6 10
21 4 6 10
22 2 8 10
23 2 8 10
24 3 7 10
25 7 3 10
26 5 5 10
27 2 8 10
28 2 8 10
29 2 8 10
30 3 7 10
31 2 8 10
32 5 5 10
33 2 8 10
34 1 9 10
35 2 8 10
36 4 6 10
37 2 8 10
38 5 5 10
39.001 1 9 10
40.001 5 5 10
41.001 5 5 10
42.001 3 7 10
43.001 4 6 10
44.001 6 4 10
45.001 2 8 10
46.001 3 7 10
47.001 4 6 10
48.001 3 7 10
