0 0 0 0
0.1 0 1 13
0.2 0 2 25
0.3 0 2 39
0.4 0 3 50
0.5 0 4 65
0.6 0 5 72
0.7 0 5 83
0.8 0 5 90
0.9 0 7 104
1 0 8 111
1.1 0 8 122
1.2 0 9 128
1.3 0 10 137
1.4 0 12 146
1.5 0 14 154
1.6 1 14 165
1.7 1 17 174
1.8 1 19 180
1.9 1 19 190
2 1 19 202
2.1 1 20 216
2.2 1 22 221
2.3 1 25 236
2.4 2 26 243
2.5 2 26 248
2.6 2 27 262
2.7 2 29 266
2.8 2 30 277
2.9 2 31 284
3 2 32 295
3.1 2 32 306
3.2 2 32 314
3.3 2 33 324
3.4 2 34 336
3.5 2 34 348
3.6 2 34 358
3.7 2 34 370
3.8 2 36 380
3.9 2 38 388
4 2 40 399
4.1 2 42 409
4.2 2 42 424
4.3 2 43 435
4.4 2 44 443
4.5 2 45 451
4.6 2 45 463
4.7 2 45 472
4.8 2 46 477
4.9 2 47 486
5 2 48 497
5.1 2 49 515
5.2 2 49 526
5.3 2 51 533
5.4 2 52 540
5.5 2 54 554
5.6 3 54 567
5.7 3 54 576
5.8 3 56 582
5.9 3 57 593
6 3 57 604
6.1 3 57 615
6.2 3 57 627
6.3 3 58 638
6.4 3 58 646
6.5 3 62 652
6.6 4 62 664
6.7 4 62 671
6.8 4 62 679
6.9 4 64 686
7 5 65 695
7.1 7 67 702
7.2 7 67 706
7.3 7 68 716
7.4 7 69 723
7.5 7 71 735
7.6 7 73 744
7.7 8 74 752
7.8 8 75 759
7.9 8 76 766
8 8 76 782
8.1 8 76 794
8.2 8 76 807
8.3 8 77 815
8.4 8 79 822
8.5 8 80 829
8.6 8 82 836
8.7 8 83 848
8.8 8 83 850
8.9 8 84 862
9 8 84 870
9.1 8 84 878
9.2 8 85 887
9.3 8 87 897
9.4 8 89 902
9.5 8 90 911
9.6 8 90 919
9.7 8 90 927
9.8 8 90 942
9.9 8 90 948
10 8 90 960
