# Smoldyn surface data file automatically generated by wrl2smol
# input file: ellipsetop.wrl ellipsebot.wrl
# output file: trispheretriangles.txt

max_panels tri 480

panel tri  0 0 450  87.7906 0 441.353  81.108 33.596 441.353  tri1
panel tri  0 0 450  81.108 -33.596 441.353  87.7906 0 441.353  tri2
panel tri  0 0 450  81.108 33.596 441.353  62.0774 62.0774 441.353  tri3
panel tri  0 0 450  62.0774 62.0774 441.353  33.596 81.108 441.353  tri4
panel tri  0 0 450  33.596 81.108 441.353  0 87.7906 441.353  tri5
panel tri  0 0 450  0 87.7906 441.353  -33.596 81.108 441.353  tri6
panel tri  0 0 450  -33.596 81.108 441.353  -62.0774 62.0774 441.353  tri7
panel tri  0 0 450  -62.0774 62.0774 441.353  -81.108 33.596 441.353  tri8
panel tri  0 0 450  -81.108 33.596 441.353  -87.7906 0 441.353  tri9
panel tri  0 0 450  -87.7906 0 441.353  -81.108 -33.596 441.353  tri10
panel tri  0 0 450  -81.108 -33.596 441.353  -62.0774 -62.0774 441.353  tri11
panel tri  0 0 450  -62.0774 -62.0774 441.353  -33.596 -81.108 441.353  tri12
panel tri  0 0 450  -33.596 -81.108 441.353  0 -87.7906 441.353  tri13
panel tri  0 0 450  0 -87.7906 441.353  33.596 -81.108 441.353  tri14
panel tri  0 0 450  33.596 -81.108 441.353  62.0774 -62.0774 441.353  tri15
panel tri  0 0 450  62.0774 -62.0774 441.353  81.108 -33.596 441.353  tri16
panel tri  87.7906 0 441.353  159.099 65.901 415.746  81.108 33.596 441.353  tri17
panel tri  87.7906 0 441.353  81.108 -33.596 441.353  172.208 0 415.746  tri18
panel tri  87.7906 0 441.353  172.208 0 415.746  159.099 65.901 415.746  tri19
panel tri  81.108 33.596 441.353  121.769 121.769 415.746  62.0774 62.0774 441.353  tri20
panel tri  81.108 33.596 441.353  159.099 65.901 415.746  121.769 121.769 415.746  tri21
panel tri  62.0774 62.0774 441.353  65.901 159.099 415.746  33.596 81.108 441.353  tri22
panel tri  62.0774 62.0774 441.353  121.769 121.769 415.746  65.901 159.099 415.746  tri23
panel tri  33.596 81.108 441.353  0 172.208 415.746  0 87.7906 441.353  tri24
panel tri  33.596 81.108 441.353  65.901 159.099 415.746  0 172.208 415.746  tri25
panel tri  0 87.7906 441.353  0 172.208 415.746  -33.596 81.108 441.353  tri26
panel tri  -33.596 81.108 441.353  -121.769 121.769 415.746  -62.0774 62.0774 441.353  tri27
panel tri  -33.596 81.108 441.353  0 172.208 415.746  -65.901 159.099 415.746  tri28
panel tri  -33.596 81.108 441.353  -65.901 159.099 415.746  -121.769 121.769 415.746  tri29
panel tri  -62.0774 62.0774 441.353  -121.769 121.769 415.746  -81.108 33.596 441.353  tri30
panel tri  -81.108 33.596 441.353  -172.208 0 415.746  -87.7906 0 441.353  tri31
panel tri  -81.108 33.596 441.353  -121.769 121.769 415.746  -159.099 65.901 415.746  tri32
panel tri  -81.108 33.596 441.353  -159.099 65.901 415.746  -172.208 0 415.746  tri33
panel tri  -87.7906 0 441.353  -159.099 -65.901 415.746  -81.108 -33.596 441.353  tri34
panel tri  -87.7906 0 441.353  -172.208 0 415.746  -159.099 -65.901 415.746  tri35
panel tri  -81.108 -33.596 441.353  -121.769 -121.769 415.746  -62.0774 -62.0774 441.353  tri36
panel tri  -81.108 -33.596 441.353  -159.099 -65.901 415.746  -121.769 -121.769 415.746  tri37
panel tri  -62.0774 -62.0774 441.353  -65.901 -159.099 415.746  -33.596 -81.108 441.353  tri38
panel tri  -62.0774 -62.0774 441.353  -121.769 -121.769 415.746  -65.901 -159.099 415.746  tri39
panel tri  -33.596 -81.108 441.353  0 -172.208 415.746  0 -87.7906 441.353  tri40
panel tri  -33.596 -81.108 441.353  -65.901 -159.099 415.746  0 -172.208 415.746  tri41
panel tri  0 -87.7906 441.353  0 -172.208 415.746  33.596 -81.108 441.353  tri42
panel tri  33.596 -81.108 441.353  121.769 -121.769 415.746  62.0774 -62.0774 441.353  tri43
panel tri  33.596 -81.108 441.353  0 -172.208 415.746  65.901 -159.099 415.746  tri44
panel tri  33.596 -81.108 441.353  65.901 -159.099 415.746  121.769 -121.769 415.746  tri45
panel tri  62.0774 -62.0774 441.353  159.099 -65.901 415.746  81.108 -33.596 441.353  tri46
panel tri  62.0774 -62.0774 441.353  121.769 -121.769 415.746  159.099 -65.901 415.746  tri47
panel tri  81.108 -33.596 441.353  159.099 -65.901 415.746  172.208 0 415.746  tri48
panel tri  172.208 0 415.746  230.976 95.6734 374.161  159.099 65.901 415.746  tri49
panel tri  172.208 0 415.746  159.099 -65.901 415.746  230.976 -95.6734 374.161  tri50
panel tri  172.208 0 415.746  250.007 0 374.161  230.976 95.6734 374.161  tri51
panel tri  172.208 0 415.746  230.976 -95.6734 374.161  250.007 0 374.161  tri52
panel tri  159.099 65.901 415.746  176.781 176.781 374.161  121.769 121.769 415.746  tri53
panel tri  159.099 65.901 415.746  230.976 95.6734 374.161  176.781 176.781 374.161  tri54
panel tri  121.769 121.769 415.746  95.6734 230.976 374.161  65.901 159.099 415.746  tri55
panel tri  121.769 121.769 415.746  176.781 176.781 374.161  95.6734 230.976 374.161  tri56
panel tri  65.901 159.099 415.746  95.6734 230.976 374.161  0 172.208 415.746  tri57
panel tri  0 172.208 415.746  -95.6734 230.976 374.161  -65.901 159.099 415.746  tri58
panel tri  0 172.208 415.746  95.6734 230.976 374.161  0 250.007 374.161  tri59
panel tri  0 172.208 415.746  0 250.007 374.161  -95.6734 230.976 374.161  tri60
panel tri  -65.901 159.099 415.746  -95.6734 230.976 374.161  -121.769 121.769 415.746  tri61
panel tri  -121.769 121.769 415.746  -230.976 95.6734 374.161  -159.099 65.901 415.746  tri62
panel tri  -121.769 121.769 415.746  -95.6734 230.976 374.161  -176.781 176.781 374.161  tri63
panel tri  -121.769 121.769 415.746  -176.781 176.781 374.161  -230.976 95.6734 374.161  tri64
panel tri  -159.099 65.901 415.746  -230.976 95.6734 374.161  -172.208 0 415.746  tri65
panel tri  -172.208 0 415.746  -230.976 -95.6734 374.161  -159.099 -65.901 415.746  tri66
panel tri  -172.208 0 415.746  -230.976 95.6734 374.161  -250.007 0 374.161  tri67
panel tri  -172.208 0 415.746  -250.007 0 374.161  -230.976 -95.6734 374.161  tri68
panel tri  -159.099 -65.901 415.746  -230.976 -95.6734 374.161  -121.769 -121.769 415.746  tri69
panel tri  -121.769 -121.769 415.746  -95.6734 -230.976 374.161  -65.901 -159.099 415.746  tri70
panel tri  -121.769 -121.769 415.746  -230.976 -95.6734 374.161  -176.781 -176.781 374.161  tri71
panel tri  -121.769 -121.769 415.746  -176.781 -176.781 374.161  -95.6734 -230.976 374.161  tri72
panel tri  -65.901 -159.099 415.746  -95.6734 -230.976 374.161  0 -172.208 415.746  tri73
panel tri  0 -172.208 415.746  95.6734 -230.976 374.161  65.901 -159.099 415.746  tri74
panel tri  0 -172.208 415.746  -95.6734 -230.976 374.161  0 -250.007 374.161  tri75
panel tri  0 -172.208 415.746  0 -250.007 374.161  95.6734 -230.976 374.161  tri76
panel tri  65.901 -159.099 415.746  95.6734 -230.976 374.161  121.769 -121.769 415.746  tri77
panel tri  121.769 -121.769 415.746  230.976 -95.6734 374.161  159.099 -65.901 415.746  tri78
panel tri  121.769 -121.769 415.746  95.6734 -230.976 374.161  176.781 -176.781 374.161  tri79
panel tri  121.769 -121.769 415.746  176.781 -176.781 374.161  230.976 -95.6734 374.161  tri80
panel tri  250.007 0 374.161  293.977 121.769 318.198  230.976 95.6734 374.161  tri81
panel tri  250.007 0 374.161  230.976 -95.6734 374.161  318.198 0 318.198  tri82
panel tri  250.007 0 374.161  318.198 0 318.198  293.977 121.769 318.198  tri83
panel tri  230.976 95.6734 374.161  293.977 121.769 318.198  176.781 176.781 374.161  tri84
panel tri  176.781 176.781 374.161  121.769 293.977 318.198  95.6734 230.976 374.161  tri85
panel tri  176.781 176.781 374.161  293.977 121.769 318.198  225 225 318.198  tri86
panel tri  176.781 176.781 374.161  225 225 318.198  121.769 293.977 318.198  tri87
panel tri  95.6734 230.976 374.161  0 318.198 318.198  0 250.007 374.161  tri88
panel tri  95.6734 230.976 374.161  121.769 293.977 318.198  0 318.198 318.198  tri89
panel tri  0 250.007 374.161  0 318.198 318.198  -95.6734 230.976 374.161  tri90
panel tri  -95.6734 230.976 374.161  -225 225 318.198  -176.781 176.781 374.161  tri91
panel tri  -95.6734 230.976 374.161  0 318.198 318.198  -121.769 293.977 318.198  tri92
panel tri  -95.6734 230.976 374.161  -121.769 293.977 318.198  -225 225 318.198  tri93
panel tri  -176.781 176.781 374.161  -225 225 318.198  -230.976 95.6734 374.161  tri94
panel tri  -230.976 95.6734 374.161  -318.198 0 318.198  -250.007 0 374.161  tri95
panel tri  -230.976 95.6734 374.161  -225 225 318.198  -293.977 121.769 318.198  tri96
panel tri  -230.976 95.6734 374.161  -293.977 121.769 318.198  -318.198 0 318.198  tri97
panel tri  -250.007 0 374.161  -293.977 -121.769 318.198  -230.976 -95.6734 374.161  tri98
panel tri  -250.007 0 374.161  -318.198 0 318.198  -293.977 -121.769 318.198  tri99
panel tri  -230.976 -95.6734 374.161  -293.977 -121.769 318.198  -176.781 -176.781 374.161  tri100
panel tri  -176.781 -176.781 374.161  -225 -225 318.198  -95.6734 -230.976 374.161  tri101
panel tri  -176.781 -176.781 374.161  -293.977 -121.769 318.198  -225 -225 318.198  tri102
panel tri  -95.6734 -230.976 374.161  -121.769 -293.977 318.198  0 -250.007 374.161  tri103
panel tri  -95.6734 -230.976 374.161  -225 -225 318.198  -121.769 -293.977 318.198  tri104
panel tri  0 -250.007 374.161  0 -318.198 318.198  95.6734 -230.976 374.161  tri105
panel tri  0 -250.007 374.161  -121.769 -293.977 318.198  0 -318.198 318.198  tri106
panel tri  95.6734 -230.976 374.161  121.769 -293.977 318.198  176.781 -176.781 374.161  tri107
panel tri  95.6734 -230.976 374.161  0 -318.198 318.198  121.769 -293.977 318.198  tri108
panel tri  176.781 -176.781 374.161  225 -225 318.198  230.976 -95.6734 374.161  tri109
panel tri  176.781 -176.781 374.161  121.769 -293.977 318.198  225 -225 318.198  tri110
panel tri  230.976 -95.6734 374.161  293.977 -121.769 318.198  318.198 0 318.198  tri111
panel tri  230.976 -95.6734 374.161  225 -225 318.198  293.977 -121.769 318.198  tri112
panel tri  318.198 0 318.198  374.161 0 250.007  293.977 121.769 318.198  tri113
panel tri  318.198 0 318.198  293.977 -121.769 318.198  374.161 0 250.007  tri114
panel tri  293.977 121.769 318.198  264.572 264.572 250.007  225 225 318.198  tri115
panel tri  293.977 121.769 318.198  374.161 0 250.007  345.68 143.185 250.007  tri116
panel tri  293.977 121.769 318.198  345.68 143.185 250.007  264.572 264.572 250.007  tri117
panel tri  225 225 318.198  143.185 345.68 250.007  121.769 293.977 318.198  tri118
panel tri  225 225 318.198  264.572 264.572 250.007  143.185 345.68 250.007  tri119
panel tri  121.769 293.977 318.198  0 374.161 250.007  0 318.198 318.198  tri120
panel tri  121.769 293.977 318.198  143.185 345.68 250.007  0 374.161 250.007  tri121
panel tri  0 318.198 318.198  -143.185 345.68 250.007  -121.769 293.977 318.198  tri122
panel tri  0 318.198 318.198  0 374.161 250.007  -143.185 345.68 250.007  tri123
panel tri  -121.769 293.977 318.198  -143.185 345.68 250.007  -225 225 318.198  tri124
panel tri  -225 225 318.198  -345.68 143.185 250.007  -293.977 121.769 318.198  tri125
panel tri  -225 225 318.198  -143.185 345.68 250.007  -264.572 264.572 250.007  tri126
panel tri  -225 225 318.198  -264.572 264.572 250.007  -345.68 143.185 250.007  tri127
panel tri  -293.977 121.769 318.198  -374.161 0 250.007  -318.198 0 318.198  tri128
panel tri  -293.977 121.769 318.198  -345.68 143.185 250.007  -374.161 0 250.007  tri129
panel tri  -318.198 0 318.198  -374.161 0 250.007  -293.977 -121.769 318.198  tri130
panel tri  -293.977 -121.769 318.198  -264.572 -264.572 250.007  -225 -225 318.198  tri131
panel tri  -293.977 -121.769 318.198  -374.161 0 250.007  -345.68 -143.185 250.007  tri132
panel tri  -293.977 -121.769 318.198  -345.68 -143.185 250.007  -264.572 -264.572 250.007  tri133
panel tri  -225 -225 318.198  -264.572 -264.572 250.007  -121.769 -293.977 318.198  tri134
panel tri  -121.769 -293.977 318.198  -143.185 -345.68 250.007  0 -318.198 318.198  tri135
panel tri  -121.769 -293.977 318.198  -264.572 -264.572 250.007  -143.185 -345.68 250.007  tri136
panel tri  0 -318.198 318.198  0 -374.161 250.007  121.769 -293.977 318.198  tri137
panel tri  0 -318.198 318.198  -143.185 -345.68 250.007  0 -374.161 250.007  tri138
panel tri  121.769 -293.977 318.198  264.572 -264.572 250.007  225 -225 318.198  tri139
panel tri  121.769 -293.977 318.198  0 -374.161 250.007  143.185 -345.68 250.007  tri140
panel tri  121.769 -293.977 318.198  143.185 -345.68 250.007  264.572 -264.572 250.007  tri141
panel tri  225 -225 318.198  345.68 -143.185 250.007  293.977 -121.769 318.198  tri142
panel tri  225 -225 318.198  264.572 -264.572 250.007  345.68 -143.185 250.007  tri143
panel tri  293.977 -121.769 318.198  345.68 -143.185 250.007  374.161 0 250.007  tri144
panel tri  374.161 0 250.007  384.099 159.099 172.208  345.68 143.185 250.007  tri145
panel tri  374.161 0 250.007  345.68 -143.185 250.007  384.099 -159.099 172.208  tri146
panel tri  374.161 0 250.007  415.746 0 172.208  384.099 159.099 172.208  tri147
panel tri  374.161 0 250.007  384.099 -159.099 172.208  415.746 0 172.208  tri148
panel tri  345.68 143.185 250.007  384.099 159.099 172.208  264.572 264.572 250.007  tri149
panel tri  264.572 264.572 250.007  293.977 293.977 172.208  143.185 345.68 250.007  tri150
panel tri  264.572 264.572 250.007  384.099 159.099 172.208  293.977 293.977 172.208  tri151
panel tri  143.185 345.68 250.007  159.099 384.099 172.208  0 374.161 250.007  tri152
panel tri  143.185 345.68 250.007  293.977 293.977 172.208  159.099 384.099 172.208  tri153
panel tri  0 374.161 250.007  0 415.746 172.208  -143.185 345.68 250.007  tri154
panel tri  0 374.161 250.007  159.099 384.099 172.208  0 415.746 172.208  tri155
panel tri  -143.185 345.68 250.007  -159.099 384.099 172.208  -264.572 264.572 250.007  tri156
panel tri  -143.185 345.68 250.007  0 415.746 172.208  -159.099 384.099 172.208  tri157
panel tri  -264.572 264.572 250.007  -384.099 159.099 172.208  -345.68 143.185 250.007  tri158
panel tri  -264.572 264.572 250.007  -159.099 384.099 172.208  -293.977 293.977 172.208  tri159
panel tri  -264.572 264.572 250.007  -293.977 293.977 172.208  -384.099 159.099 172.208  tri160
panel tri  -345.68 143.185 250.007  -384.099 159.099 172.208  -374.161 0 250.007  tri161
panel tri  -374.161 0 250.007  -384.099 -159.099 172.208  -345.68 -143.185 250.007  tri162
panel tri  -374.161 0 250.007  -384.099 159.099 172.208  -415.746 0 172.208  tri163
panel tri  -374.161 0 250.007  -415.746 0 172.208  -384.099 -159.099 172.208  tri164
panel tri  -345.68 -143.185 250.007  -293.977 -293.977 172.208  -264.572 -264.572 250.007  tri165
panel tri  -345.68 -143.185 250.007  -384.099 -159.099 172.208  -293.977 -293.977 172.208  tri166
panel tri  -264.572 -264.572 250.007  -293.977 -293.977 172.208  -143.185 -345.68 250.007  tri167
panel tri  -143.185 -345.68 250.007  -159.099 -384.099 172.208  0 -374.161 250.007  tri168
panel tri  -143.185 -345.68 250.007  -293.977 -293.977 172.208  -159.099 -384.099 172.208  tri169
panel tri  0 -374.161 250.007  159.099 -384.099 172.208  143.185 -345.68 250.007  tri170
panel tri  0 -374.161 250.007  -159.099 -384.099 172.208  0 -415.746 172.208  tri171
panel tri  0 -374.161 250.007  0 -415.746 172.208  159.099 -384.099 172.208  tri172
panel tri  143.185 -345.68 250.007  159.099 -384.099 172.208  264.572 -264.572 250.007  tri173
panel tri  264.572 -264.572 250.007  293.977 -293.977 172.208  345.68 -143.185 250.007  tri174
panel tri  264.572 -264.572 250.007  159.099 -384.099 172.208  293.977 -293.977 172.208  tri175
panel tri  345.68 -143.185 250.007  293.977 -293.977 172.208  384.099 -159.099 172.208  tri176
panel tri  415.746 0 172.208  441.353 0 87.7906  384.099 159.099 172.208  tri177
panel tri  415.746 0 172.208  384.099 -159.099 172.208  441.353 0 87.7906  tri178
panel tri  384.099 159.099 172.208  312.084 312.084 87.7906  293.977 293.977 172.208  tri179
panel tri  384.099 159.099 172.208  441.353 0 87.7906  407.757 168.899 87.7906  tri180
panel tri  384.099 159.099 172.208  407.757 168.899 87.7906  312.084 312.084 87.7906  tri181
panel tri  293.977 293.977 172.208  312.084 312.084 87.7906  159.099 384.099 172.208  tri182
panel tri  159.099 384.099 172.208  168.899 407.757 87.7906  0 415.746 172.208  tri183
panel tri  159.099 384.099 172.208  312.084 312.084 87.7906  168.899 407.757 87.7906  tri184
panel tri  0 415.746 172.208  0 441.353 87.7906  -159.099 384.099 172.208  tri185
panel tri  0 415.746 172.208  168.899 407.757 87.7906  0 441.353 87.7906  tri186
panel tri  -159.099 384.099 172.208  -312.084 312.084 87.7906  -293.977 293.977 172.208  tri187
panel tri  -159.099 384.099 172.208  0 441.353 87.7906  -168.899 407.757 87.7906  tri188
panel tri  -159.099 384.099 172.208  -168.899 407.757 87.7906  -312.084 312.084 87.7906  tri189
panel tri  -293.977 293.977 172.208  -312.084 312.084 87.7906  -384.099 159.099 172.208  tri190
panel tri  -384.099 159.099 172.208  -407.757 168.899 87.7906  -415.746 0 172.208  tri191
panel tri  -384.099 159.099 172.208  -312.084 312.084 87.7906  -407.757 168.899 87.7906  tri192
panel tri  -415.746 0 172.208  -441.353 0 87.7906  -384.099 -159.099 172.208  tri193
panel tri  -415.746 0 172.208  -407.757 168.899 87.7906  -441.353 0 87.7906  tri194
panel tri  -384.099 -159.099 172.208  -312.084 -312.084 87.7906  -293.977 -293.977 172.208  tri195
panel tri  -384.099 -159.099 172.208  -441.353 0 87.7906  -407.757 -168.899 87.7906  tri196
panel tri  -384.099 -159.099 172.208  -407.757 -168.899 87.7906  -312.084 -312.084 87.7906  tri197
panel tri  -293.977 -293.977 172.208  -312.084 -312.084 87.7906  -159.099 -384.099 172.208  tri198
panel tri  -159.099 -384.099 172.208  -168.899 -407.757 87.7906  0 -415.746 172.208  tri199
panel tri  -159.099 -384.099 172.208  -312.084 -312.084 87.7906  -168.899 -407.757 87.7906  tri200
panel tri  0 -415.746 172.208  0 -441.353 87.7906  159.099 -384.099 172.208  tri201
panel tri  0 -415.746 172.208  -168.899 -407.757 87.7906  0 -441.353 87.7906  tri202
panel tri  159.099 -384.099 172.208  312.084 -312.084 87.7906  293.977 -293.977 172.208  tri203
panel tri  159.099 -384.099 172.208  0 -441.353 87.7906  168.899 -407.757 87.7906  tri204
panel tri  159.099 -384.099 172.208  168.899 -407.757 87.7906  312.084 -312.084 87.7906  tri205
panel tri  293.977 -293.977 172.208  312.084 -312.084 87.7906  384.099 -159.099 172.208  tri206
panel tri  384.099 -159.099 172.208  407.757 -168.899 87.7906  441.353 0 87.7906  tri207
panel tri  384.099 -159.099 172.208  312.084 -312.084 87.7906  407.757 -168.899 87.7906  tri208
panel tri  441.353 0 87.7906  415.746 172.208 0  407.757 168.899 87.7906  tri209
panel tri  441.353 0 87.7906  407.757 -168.899 87.7906  415.746 -172.208 0  tri210
panel tri  441.353 0 87.7906  450 0 0  415.746 172.208 0  tri211
panel tri  441.353 0 87.7906  415.746 -172.208 0  450 0 0  tri212
panel tri  407.757 168.899 87.7906  318.198 318.198 0  312.084 312.084 87.7906  tri213
panel tri  407.757 168.899 87.7906  415.746 172.208 0  318.198 318.198 0  tri214
panel tri  312.084 312.084 87.7906  172.208 415.746 0  168.899 407.757 87.7906  tri215
panel tri  312.084 312.084 87.7906  318.198 318.198 0  172.208 415.746 0  tri216
panel tri  168.899 407.757 87.7906  0 450 0  0 441.353 87.7906  tri217
panel tri  168.899 407.757 87.7906  172.208 415.746 0  0 450 0  tri218
panel tri  0 441.353 87.7906  -172.208 415.746 0  -168.899 407.757 87.7906  tri219
panel tri  0 441.353 87.7906  0 450 0  -172.208 415.746 0  tri220
panel tri  -168.899 407.757 87.7906  -318.198 318.198 0  -312.084 312.084 87.7906  tri221
panel tri  -168.899 407.757 87.7906  -172.208 415.746 0  -318.198 318.198 0  tri222
panel tri  -312.084 312.084 87.7906  -318.198 318.198 0  -407.757 168.899 87.7906  tri223
panel tri  -407.757 168.899 87.7906  -415.746 172.208 0  -441.353 0 87.7906  tri224
panel tri  -407.757 168.899 87.7906  -318.198 318.198 0  -415.746 172.208 0  tri225
panel tri  -441.353 0 87.7906  -415.746 -172.208 0  -407.757 -168.899 87.7906  tri226
panel tri  -441.353 0 87.7906  -415.746 172.208 0  -450 0 0  tri227
panel tri  -441.353 0 87.7906  -450 0 0  -415.746 -172.208 0  tri228
panel tri  -407.757 -168.899 87.7906  -318.198 -318.198 0  -312.084 -312.084 87.7906  tri229
panel tri  -407.757 -168.899 87.7906  -415.746 -172.208 0  -318.198 -318.198 0  tri230
panel tri  -312.084 -312.084 87.7906  -318.198 -318.198 0  -168.899 -407.757 87.7906  tri231
panel tri  -168.899 -407.757 87.7906  -172.208 -415.746 0  0 -441.353 87.7906  tri232
panel tri  -168.899 -407.757 87.7906  -318.198 -318.198 0  -172.208 -415.746 0  tri233
panel tri  0 -441.353 87.7906  172.208 -415.746 0  168.899 -407.757 87.7906  tri234
panel tri  0 -441.353 87.7906  -172.208 -415.746 0  0 -450 0  tri235
panel tri  0 -441.353 87.7906  0 -450 0  172.208 -415.746 0  tri236
panel tri  168.899 -407.757 87.7906  318.198 -318.198 0  312.084 -312.084 87.7906  tri237
panel tri  168.899 -407.757 87.7906  172.208 -415.746 0  318.198 -318.198 0  tri238
panel tri  312.084 -312.084 87.7906  318.198 -318.198 0  407.757 -168.899 87.7906  tri239
panel tri  407.757 -168.899 87.7906  318.198 -318.198 0  415.746 -172.208 0  tri240
panel tri  450 0 0  441.353 0 -87.7906  415.746 172.208 0  tri241
panel tri  450 0 0  415.746 -172.208 0  441.353 0 -87.7906  tri242
panel tri  415.746 172.208 0  407.757 168.899 -87.7906  318.198 318.198 0  tri243
panel tri  415.746 172.208 0  441.353 0 -87.7906  407.757 168.899 -87.7906  tri244
panel tri  318.198 318.198 0  312.084 312.084 -87.7906  172.208 415.746 0  tri245
panel tri  318.198 318.198 0  407.757 168.899 -87.7906  312.084 312.084 -87.7906  tri246
panel tri  172.208 415.746 0  168.899 407.757 -87.7906  0 450 0  tri247
panel tri  172.208 415.746 0  312.084 312.084 -87.7906  168.899 407.757 -87.7906  tri248
panel tri  0 450 0  0 441.353 -87.7906  -172.208 415.746 0  tri249
panel tri  0 450 0  168.899 407.757 -87.7906  0 441.353 -87.7906  tri250
panel tri  -172.208 415.746 0  -168.899 407.757 -87.7906  -318.198 318.198 0  tri251
panel tri  -172.208 415.746 0  0 441.353 -87.7906  -168.899 407.757 -87.7906  tri252
panel tri  -318.198 318.198 0  -407.757 168.899 -87.7906  -415.746 172.208 0  tri253
panel tri  -318.198 318.198 0  -168.899 407.757 -87.7906  -312.084 312.084 -87.7906  tri254
panel tri  -318.198 318.198 0  -312.084 312.084 -87.7906  -407.757 168.899 -87.7906  tri255
panel tri  -415.746 172.208 0  -441.353 0 -87.7906  -450 0 0  tri256
panel tri  -415.746 172.208 0  -407.757 168.899 -87.7906  -441.353 0 -87.7906  tri257
panel tri  -450 0 0  -441.353 0 -87.7906  -415.746 -172.208 0  tri258
panel tri  -415.746 -172.208 0  -407.757 -168.899 -87.7906  -318.198 -318.198 0  tri259
panel tri  -415.746 -172.208 0  -441.353 0 -87.7906  -407.757 -168.899 -87.7906  tri260
panel tri  -318.198 -318.198 0  -168.899 -407.757 -87.7906  -172.208 -415.746 0  tri261
panel tri  -318.198 -318.198 0  -407.757 -168.899 -87.7906  -312.084 -312.084 -87.7906  tri262
panel tri  -318.198 -318.198 0  -312.084 -312.084 -87.7906  -168.899 -407.757 -87.7906  tri263
panel tri  -172.208 -415.746 0  0 -441.353 -87.7906  0 -450 0  tri264
panel tri  -172.208 -415.746 0  -168.899 -407.757 -87.7906  0 -441.353 -87.7906  tri265
panel tri  0 -450 0  0 -441.353 -87.7906  172.208 -415.746 0  tri266
panel tri  172.208 -415.746 0  168.899 -407.757 -87.7906  318.198 -318.198 0  tri267
panel tri  172.208 -415.746 0  0 -441.353 -87.7906  168.899 -407.757 -87.7906  tri268
panel tri  318.198 -318.198 0  407.757 -168.899 -87.7906  415.746 -172.208 0  tri269
panel tri  318.198 -318.198 0  168.899 -407.757 -87.7906  312.084 -312.084 -87.7906  tri270
panel tri  318.198 -318.198 0  312.084 -312.084 -87.7906  407.757 -168.899 -87.7906  tri271
panel tri  415.746 -172.208 0  407.757 -168.899 -87.7906  441.353 0 -87.7906  tri272
panel tri  441.353 0 -87.7906  384.099 159.099 -172.208  407.757 168.899 -87.7906  tri273
panel tri  441.353 0 -87.7906  407.757 -168.899 -87.7906  384.099 -159.099 -172.208  tri274
panel tri  441.353 0 -87.7906  415.746 0 -172.208  384.099 159.099 -172.208  tri275
panel tri  441.353 0 -87.7906  384.099 -159.099 -172.208  415.746 0 -172.208  tri276
panel tri  407.757 168.899 -87.7906  384.099 159.099 -172.208  312.084 312.084 -87.7906  tri277
panel tri  312.084 312.084 -87.7906  159.099 384.099 -172.208  168.899 407.757 -87.7906  tri278
panel tri  312.084 312.084 -87.7906  384.099 159.099 -172.208  293.977 293.977 -172.208  tri279
panel tri  312.084 312.084 -87.7906  293.977 293.977 -172.208  159.099 384.099 -172.208  tri280
panel tri  168.899 407.757 -87.7906  0 415.746 -172.208  0 441.353 -87.7906  tri281
panel tri  168.899 407.757 -87.7906  159.099 384.099 -172.208  0 415.746 -172.208  tri282
panel tri  0 441.353 -87.7906  -159.099 384.099 -172.208  -168.899 407.757 -87.7906  tri283
panel tri  0 441.353 -87.7906  0 415.746 -172.208  -159.099 384.099 -172.208  tri284
panel tri  -168.899 407.757 -87.7906  -159.099 384.099 -172.208  -312.084 312.084 -87.7906  tri285
panel tri  -312.084 312.084 -87.7906  -384.099 159.099 -172.208  -407.757 168.899 -87.7906  tri286
panel tri  -312.084 312.084 -87.7906  -159.099 384.099 -172.208  -293.977 293.977 -172.208  tri287
panel tri  -312.084 312.084 -87.7906  -293.977 293.977 -172.208  -384.099 159.099 -172.208  tri288
panel tri  -407.757 168.899 -87.7906  -415.746 0 -172.208  -441.353 0 -87.7906  tri289
panel tri  -407.757 168.899 -87.7906  -384.099 159.099 -172.208  -415.746 0 -172.208  tri290
panel tri  -441.353 0 -87.7906  -384.099 -159.099 -172.208  -407.757 -168.899 -87.7906  tri291
panel tri  -441.353 0 -87.7906  -415.746 0 -172.208  -384.099 -159.099 -172.208  tri292
panel tri  -407.757 -168.899 -87.7906  -384.099 -159.099 -172.208  -312.084 -312.084 -87.7906  tri293
panel tri  -312.084 -312.084 -87.7906  -159.099 -384.099 -172.208  -168.899 -407.757 -87.7906  tri294
panel tri  -312.084 -312.084 -87.7906  -384.099 -159.099 -172.208  -293.977 -293.977 -172.208  tri295
panel tri  -312.084 -312.084 -87.7906  -293.977 -293.977 -172.208  -159.099 -384.099 -172.208  tri296
panel tri  -168.899 -407.757 -87.7906  0 -415.746 -172.208  0 -441.353 -87.7906  tri297
panel tri  -168.899 -407.757 -87.7906  -159.099 -384.099 -172.208  0 -415.746 -172.208  tri298
panel tri  0 -441.353 -87.7906  159.099 -384.099 -172.208  168.899 -407.757 -87.7906  tri299
panel tri  0 -441.353 -87.7906  0 -415.746 -172.208  159.099 -384.099 -172.208  tri300
panel tri  168.899 -407.757 -87.7906  159.099 -384.099 -172.208  312.084 -312.084 -87.7906  tri301
panel tri  312.084 -312.084 -87.7906  384.099 -159.099 -172.208  407.757 -168.899 -87.7906  tri302
panel tri  312.084 -312.084 -87.7906  159.099 -384.099 -172.208  293.977 -293.977 -172.208  tri303
panel tri  312.084 -312.084 -87.7906  293.977 -293.977 -172.208  384.099 -159.099 -172.208  tri304
panel tri  415.746 0 -172.208  374.161 0 -250.007  384.099 159.099 -172.208  tri305
panel tri  415.746 0 -172.208  384.099 -159.099 -172.208  374.161 0 -250.007  tri306
panel tri  384.099 159.099 -172.208  264.572 264.572 -250.007  293.977 293.977 -172.208  tri307
panel tri  384.099 159.099 -172.208  374.161 0 -250.007  345.68 143.185 -250.007  tri308
panel tri  384.099 159.099 -172.208  345.68 143.185 -250.007  264.572 264.572 -250.007  tri309
panel tri  293.977 293.977 -172.208  143.185 345.68 -250.007  159.099 384.099 -172.208  tri310
panel tri  293.977 293.977 -172.208  264.572 264.572 -250.007  143.185 345.68 -250.007  tri311
panel tri  159.099 384.099 -172.208  0 374.161 -250.007  0 415.746 -172.208  tri312
panel tri  159.099 384.099 -172.208  143.185 345.68 -250.007  0 374.161 -250.007  tri313
panel tri  0 415.746 -172.208  -143.185 345.68 -250.007  -159.099 384.099 -172.208  tri314
panel tri  0 415.746 -172.208  0 374.161 -250.007  -143.185 345.68 -250.007  tri315
panel tri  -159.099 384.099 -172.208  -264.572 264.572 -250.007  -293.977 293.977 -172.208  tri316
panel tri  -159.099 384.099 -172.208  -143.185 345.68 -250.007  -264.572 264.572 -250.007  tri317
panel tri  -293.977 293.977 -172.208  -264.572 264.572 -250.007  -384.099 159.099 -172.208  tri318
panel tri  -384.099 159.099 -172.208  -374.161 0 -250.007  -415.746 0 -172.208  tri319
panel tri  -384.099 159.099 -172.208  -264.572 264.572 -250.007  -345.68 143.185 -250.007  tri320
panel tri  -384.099 159.099 -172.208  -345.68 143.185 -250.007  -374.161 0 -250.007  tri321
panel tri  -415.746 0 -172.208  -374.161 0 -250.007  -384.099 -159.099 -172.208  tri322
panel tri  -384.099 -159.099 -172.208  -345.68 -143.185 -250.007  -293.977 -293.977 -172.208  tri323
panel tri  -384.099 -159.099 -172.208  -374.161 0 -250.007  -345.68 -143.185 -250.007  tri324
panel tri  -293.977 -293.977 -172.208  -143.185 -345.68 -250.007  -159.099 -384.099 -172.208  tri325
panel tri  -293.977 -293.977 -172.208  -345.68 -143.185 -250.007  -264.572 -264.572 -250.007  tri326
panel tri  -293.977 -293.977 -172.208  -264.572 -264.572 -250.007  -143.185 -345.68 -250.007  tri327
panel tri  -159.099 -384.099 -172.208  0 -374.161 -250.007  0 -415.746 -172.208  tri328
panel tri  -159.099 -384.099 -172.208  -143.185 -345.68 -250.007  0 -374.161 -250.007  tri329
panel tri  0 -415.746 -172.208  0 -374.161 -250.007  159.099 -384.099 -172.208  tri330
panel tri  159.099 -384.099 -172.208  264.572 -264.572 -250.007  293.977 -293.977 -172.208  tri331
panel tri  159.099 -384.099 -172.208  0 -374.161 -250.007  143.185 -345.68 -250.007  tri332
panel tri  159.099 -384.099 -172.208  143.185 -345.68 -250.007  264.572 -264.572 -250.007  tri333
panel tri  293.977 -293.977 -172.208  345.68 -143.185 -250.007  384.099 -159.099 -172.208  tri334
panel tri  293.977 -293.977 -172.208  264.572 -264.572 -250.007  345.68 -143.185 -250.007  tri335
panel tri  384.099 -159.099 -172.208  345.68 -143.185 -250.007  374.161 0 -250.007  tri336
panel tri  374.161 0 -250.007  293.977 121.769 -318.198  345.68 143.185 -250.007  tri337
panel tri  374.161 0 -250.007  345.68 -143.185 -250.007  293.977 -121.769 -318.198  tri338
panel tri  374.161 0 -250.007  318.198 0 -318.198  293.977 121.769 -318.198  tri339
panel tri  374.161 0 -250.007  293.977 -121.769 -318.198  318.198 0 -318.198  tri340
panel tri  345.68 143.185 -250.007  293.977 121.769 -318.198  264.572 264.572 -250.007  tri341
panel tri  264.572 264.572 -250.007  225 225 -318.198  143.185 345.68 -250.007  tri342
panel tri  264.572 264.572 -250.007  293.977 121.769 -318.198  225 225 -318.198  tri343
panel tri  143.185 345.68 -250.007  121.769 293.977 -318.198  0 374.161 -250.007  tri344
panel tri  143.185 345.68 -250.007  225 225 -318.198  121.769 293.977 -318.198  tri345
panel tri  0 374.161 -250.007  0 318.198 -318.198  -143.185 345.68 -250.007  tri346
panel tri  0 374.161 -250.007  121.769 293.977 -318.198  0 318.198 -318.198  tri347
panel tri  -143.185 345.68 -250.007  -225 225 -318.198  -264.572 264.572 -250.007  tri348
panel tri  -143.185 345.68 -250.007  0 318.198 -318.198  -121.769 293.977 -318.198  tri349
panel tri  -143.185 345.68 -250.007  -121.769 293.977 -318.198  -225 225 -318.198  tri350
panel tri  -264.572 264.572 -250.007  -225 225 -318.198  -345.68 143.185 -250.007  tri351
panel tri  -345.68 143.185 -250.007  -293.977 121.769 -318.198  -374.161 0 -250.007  tri352
panel tri  -345.68 143.185 -250.007  -225 225 -318.198  -293.977 121.769 -318.198  tri353
panel tri  -374.161 0 -250.007  -293.977 -121.769 -318.198  -345.68 -143.185 -250.007  tri354
panel tri  -374.161 0 -250.007  -293.977 121.769 -318.198  -318.198 0 -318.198  tri355
panel tri  -374.161 0 -250.007  -318.198 0 -318.198  -293.977 -121.769 -318.198  tri356
panel tri  -345.68 -143.185 -250.007  -293.977 -121.769 -318.198  -264.572 -264.572 -250.007  tri357
panel tri  -264.572 -264.572 -250.007  -121.769 -293.977 -318.198  -143.185 -345.68 -250.007  tri358
panel tri  -264.572 -264.572 -250.007  -293.977 -121.769 -318.198  -225 -225 -318.198  tri359
panel tri  -264.572 -264.572 -250.007  -225 -225 -318.198  -121.769 -293.977 -318.198  tri360
panel tri  -143.185 -345.68 -250.007  0 -318.198 -318.198  0 -374.161 -250.007  tri361
panel tri  -143.185 -345.68 -250.007  -121.769 -293.977 -318.198  0 -318.198 -318.198  tri362
panel tri  0 -374.161 -250.007  121.769 -293.977 -318.198  143.185 -345.68 -250.007  tri363
panel tri  0 -374.161 -250.007  0 -318.198 -318.198  121.769 -293.977 -318.198  tri364
panel tri  143.185 -345.68 -250.007  121.769 -293.977 -318.198  264.572 -264.572 -250.007  tri365
panel tri  264.572 -264.572 -250.007  225 -225 -318.198  345.68 -143.185 -250.007  tri366
panel tri  264.572 -264.572 -250.007  121.769 -293.977 -318.198  225 -225 -318.198  tri367
panel tri  345.68 -143.185 -250.007  225 -225 -318.198  293.977 -121.769 -318.198  tri368
panel tri  318.198 0 -318.198  250.007 0 -374.161  293.977 121.769 -318.198  tri369
panel tri  318.198 0 -318.198  293.977 -121.769 -318.198  230.976 -95.6734 -374.161  tri370
panel tri  318.198 0 -318.198  230.976 -95.6734 -374.161  250.007 0 -374.161  tri371
panel tri  293.977 121.769 -318.198  176.781 176.781 -374.161  225 225 -318.198  tri372
panel tri  293.977 121.769 -318.198  250.007 0 -374.161  230.976 95.6734 -374.161  tri373
panel tri  293.977 121.769 -318.198  230.976 95.6734 -374.161  176.781 176.781 -374.161  tri374
panel tri  225 225 -318.198  176.781 176.781 -374.161  121.769 293.977 -318.198  tri375
panel tri  121.769 293.977 -318.198  95.6734 230.976 -374.161  0 318.198 -318.198  tri376
panel tri  121.769 293.977 -318.198  176.781 176.781 -374.161  95.6734 230.976 -374.161  tri377
panel tri  0 318.198 -318.198  -95.6734 230.976 -374.161  -121.769 293.977 -318.198  tri378
panel tri  0 318.198 -318.198  95.6734 230.976 -374.161  0 250.007 -374.161  tri379
panel tri  0 318.198 -318.198  0 250.007 -374.161  -95.6734 230.976 -374.161  tri380
panel tri  -121.769 293.977 -318.198  -95.6734 230.976 -374.161  -225 225 -318.198  tri381
panel tri  -225 225 -318.198  -230.976 95.6734 -374.161  -293.977 121.769 -318.198  tri382
panel tri  -225 225 -318.198  -95.6734 230.976 -374.161  -176.781 176.781 -374.161  tri383
panel tri  -225 225 -318.198  -176.781 176.781 -374.161  -230.976 95.6734 -374.161  tri384
panel tri  -293.977 121.769 -318.198  -230.976 95.6734 -374.161  -318.198 0 -318.198  tri385
panel tri  -318.198 0 -318.198  -250.007 0 -374.161  -293.977 -121.769 -318.198  tri386
panel tri  -318.198 0 -318.198  -230.976 95.6734 -374.161  -250.007 0 -374.161  tri387
panel tri  -293.977 -121.769 -318.198  -176.781 -176.781 -374.161  -225 -225 -318.198  tri388
panel tri  -293.977 -121.769 -318.198  -250.007 0 -374.161  -230.976 -95.6734 -374.161  tri389
panel tri  -293.977 -121.769 -318.198  -230.976 -95.6734 -374.161  -176.781 -176.781 -374.161  tri390
panel tri  -225 -225 -318.198  -95.6734 -230.976 -374.161  -121.769 -293.977 -318.198  tri391
panel tri  -225 -225 -318.198  -176.781 -176.781 -374.161  -95.6734 -230.976 -374.161  tri392
panel tri  -121.769 -293.977 -318.198  0 -250.007 -374.161  0 -318.198 -318.198  tri393
panel tri  -121.769 -293.977 -318.198  -95.6734 -230.976 -374.161  0 -250.007 -374.161  tri394
panel tri  0 -318.198 -318.198  95.6734 -230.976 -374.161  121.769 -293.977 -318.198  tri395
panel tri  0 -318.198 -318.198  0 -250.007 -374.161  95.6734 -230.976 -374.161  tri396
panel tri  121.769 -293.977 -318.198  176.781 -176.781 -374.161  225 -225 -318.198  tri397
panel tri  121.769 -293.977 -318.198  95.6734 -230.976 -374.161  176.781 -176.781 -374.161  tri398
panel tri  225 -225 -318.198  230.976 -95.6734 -374.161  293.977 -121.769 -318.198  tri399
panel tri  225 -225 -318.198  176.781 -176.781 -374.161  230.976 -95.6734 -374.161  tri400
panel tri  250.007 0 -374.161  172.208 0 -415.746  230.976 95.6734 -374.161  tri401
panel tri  250.007 0 -374.161  230.976 -95.6734 -374.161  172.208 0 -415.746  tri402
panel tri  230.976 95.6734 -374.161  159.099 65.901 -415.746  176.781 176.781 -374.161  tri403
panel tri  230.976 95.6734 -374.161  172.208 0 -415.746  159.099 65.901 -415.746  tri404
panel tri  176.781 176.781 -374.161  121.769 121.769 -415.746  95.6734 230.976 -374.161  tri405
panel tri  176.781 176.781 -374.161  159.099 65.901 -415.746  121.769 121.769 -415.746  tri406
panel tri  95.6734 230.976 -374.161  0 172.208 -415.746  0 250.007 -374.161  tri407
panel tri  95.6734 230.976 -374.161  121.769 121.769 -415.746  65.901 159.099 -415.746  tri408
panel tri  95.6734 230.976 -374.161  65.901 159.099 -415.746  0 172.208 -415.746  tri409
panel tri  0 250.007 -374.161  0 172.208 -415.746  -95.6734 230.976 -374.161  tri410
panel tri  -95.6734 230.976 -374.161  -121.769 121.769 -415.746  -176.781 176.781 -374.161  tri411
panel tri  -95.6734 230.976 -374.161  0 172.208 -415.746  -65.901 159.099 -415.746  tri412
panel tri  -95.6734 230.976 -374.161  -65.901 159.099 -415.746  -121.769 121.769 -415.746  tri413
panel tri  -176.781 176.781 -374.161  -121.769 121.769 -415.746  -230.976 95.6734 -374.161  tri414
panel tri  -230.976 95.6734 -374.161  -172.208 0 -415.746  -250.007 0 -374.161  tri415
panel tri  -230.976 95.6734 -374.161  -121.769 121.769 -415.746  -159.099 65.901 -415.746  tri416
panel tri  -230.976 95.6734 -374.161  -159.099 65.901 -415.746  -172.208 0 -415.746  tri417
panel tri  -250.007 0 -374.161  -172.208 0 -415.746  -230.976 -95.6734 -374.161  tri418
panel tri  -230.976 -95.6734 -374.161  -121.769 -121.769 -415.746  -176.781 -176.781 -374.161  tri419
panel tri  -230.976 -95.6734 -374.161  -172.208 0 -415.746  -159.099 -65.901 -415.746  tri420
panel tri  -230.976 -95.6734 -374.161  -159.099 -65.901 -415.746  -121.769 -121.769 -415.746  tri421
panel tri  -176.781 -176.781 -374.161  -121.769 -121.769 -415.746  -95.6734 -230.976 -374.161  tri422
panel tri  -95.6734 -230.976 -374.161  0 -172.208 -415.746  0 -250.007 -374.161  tri423
panel tri  -95.6734 -230.976 -374.161  -121.769 -121.769 -415.746  -65.901 -159.099 -415.746  tri424
panel tri  -95.6734 -230.976 -374.161  -65.901 -159.099 -415.746  0 -172.208 -415.746  tri425
panel tri  0 -250.007 -374.161  0 -172.208 -415.746  95.6734 -230.976 -374.161  tri426
panel tri  95.6734 -230.976 -374.161  121.769 -121.769 -415.746  176.781 -176.781 -374.161  tri427
panel tri  95.6734 -230.976 -374.161  0 -172.208 -415.746  65.901 -159.099 -415.746  tri428
panel tri  95.6734 -230.976 -374.161  65.901 -159.099 -415.746  121.769 -121.769 -415.746  tri429
panel tri  176.781 -176.781 -374.161  121.769 -121.769 -415.746  230.976 -95.6734 -374.161  tri430
panel tri  230.976 -95.6734 -374.161  159.099 -65.901 -415.746  172.208 0 -415.746  tri431
panel tri  230.976 -95.6734 -374.161  121.769 -121.769 -415.746  159.099 -65.901 -415.746  tri432
panel tri  172.208 0 -415.746  87.7906 0 -441.353  159.099 65.901 -415.746  tri433
panel tri  172.208 0 -415.746  159.099 -65.901 -415.746  81.108 -33.596 -441.353  tri434
panel tri  172.208 0 -415.746  81.108 -33.596 -441.353  87.7906 0 -441.353  tri435
panel tri  159.099 65.901 -415.746  81.108 33.596 -441.353  121.769 121.769 -415.746  tri436
panel tri  159.099 65.901 -415.746  87.7906 0 -441.353  81.108 33.596 -441.353  tri437
panel tri  121.769 121.769 -415.746  62.0774 62.0774 -441.353  65.901 159.099 -415.746  tri438
panel tri  121.769 121.769 -415.746  81.108 33.596 -441.353  62.0774 62.0774 -441.353  tri439
panel tri  65.901 159.099 -415.746  33.596 81.108 -441.353  0 172.208 -415.746  tri440
panel tri  65.901 159.099 -415.746  62.0774 62.0774 -441.353  33.596 81.108 -441.353  tri441
panel tri  0 172.208 -415.746  -33.596 81.108 -441.353  -65.901 159.099 -415.746  tri442
panel tri  0 172.208 -415.746  33.596 81.108 -441.353  0 87.7906 -441.353  tri443
panel tri  0 172.208 -415.746  0 87.7906 -441.353  -33.596 81.108 -441.353  tri444
panel tri  -65.901 159.099 -415.746  -33.596 81.108 -441.353  -121.769 121.769 -415.746  tri445
panel tri  -121.769 121.769 -415.746  -81.108 33.596 -441.353  -159.099 65.901 -415.746  tri446
panel tri  -121.769 121.769 -415.746  -33.596 81.108 -441.353  -62.0774 62.0774 -441.353  tri447
panel tri  -121.769 121.769 -415.746  -62.0774 62.0774 -441.353  -81.108 33.596 -441.353  tri448
panel tri  -159.099 65.901 -415.746  -81.108 33.596 -441.353  -172.208 0 -415.746  tri449
panel tri  -172.208 0 -415.746  -87.7906 0 -441.353  -159.099 -65.901 -415.746  tri450
panel tri  -172.208 0 -415.746  -81.108 33.596 -441.353  -87.7906 0 -441.353  tri451
panel tri  -159.099 -65.901 -415.746  -81.108 -33.596 -441.353  -121.769 -121.769 -415.746  tri452
panel tri  -159.099 -65.901 -415.746  -87.7906 0 -441.353  -81.108 -33.596 -441.353  tri453
panel tri  -121.769 -121.769 -415.746  -62.0774 -62.0774 -441.353  -65.901 -159.099 -415.746  tri454
panel tri  -121.769 -121.769 -415.746  -81.108 -33.596 -441.353  -62.0774 -62.0774 -441.353  tri455
panel tri  -65.901 -159.099 -415.746  -33.596 -81.108 -441.353  0 -172.208 -415.746  tri456
panel tri  -65.901 -159.099 -415.746  -62.0774 -62.0774 -441.353  -33.596 -81.108 -441.353  tri457
panel tri  0 -172.208 -415.746  33.596 -81.108 -441.353  65.901 -159.099 -415.746  tri458
panel tri  0 -172.208 -415.746  -33.596 -81.108 -441.353  0 -87.7906 -441.353  tri459
panel tri  0 -172.208 -415.746  0 -87.7906 -441.353  33.596 -81.108 -441.353  tri460
panel tri  65.901 -159.099 -415.746  33.596 -81.108 -441.353  121.769 -121.769 -415.746  tri461
panel tri  121.769 -121.769 -415.746  62.0774 -62.0774 -441.353  159.099 -65.901 -415.746  tri462
panel tri  121.769 -121.769 -415.746  33.596 -81.108 -441.353  62.0774 -62.0774 -441.353  tri463
panel tri  159.099 -65.901 -415.746  62.0774 -62.0774 -441.353  81.108 -33.596 -441.353  tri464
panel tri  87.7906 0 -441.353  0 0 -450  81.108 33.596 -441.353  tri465
panel tri  87.7906 0 -441.353  81.108 -33.596 -441.353  0 0 -450  tri466
panel tri  81.108 33.596 -441.353  0 0 -450  62.0774 62.0774 -441.353  tri467
panel tri  62.0774 62.0774 -441.353  0 0 -450  33.596 81.108 -441.353  tri468
panel tri  33.596 81.108 -441.353  0 0 -450  0 87.7906 -441.353  tri469
panel tri  0 87.7906 -441.353  0 0 -450  -33.596 81.108 -441.353  tri470
panel tri  -33.596 81.108 -441.353  0 0 -450  -62.0774 62.0774 -441.353  tri471
panel tri  -62.0774 62.0774 -441.353  0 0 -450  -81.108 33.596 -441.353  tri472
panel tri  -81.108 33.596 -441.353  0 0 -450  -87.7906 0 -441.353  tri473
panel tri  -87.7906 0 -441.353  0 0 -450  -81.108 -33.596 -441.353  tri474
panel tri  -81.108 -33.596 -441.353  0 0 -450  -62.0774 -62.0774 -441.353  tri475
panel tri  -62.0774 -62.0774 -441.353  0 0 -450  -33.596 -81.108 -441.353  tri476
panel tri  -33.596 -81.108 -441.353  0 0 -450  0 -87.7906 -441.353  tri477
panel tri  0 -87.7906 -441.353  0 0 -450  33.596 -81.108 -441.353  tri478
panel tri  33.596 -81.108 -441.353  0 0 -450  62.0774 -62.0774 -441.353  tri479
panel tri  62.0774 -62.0774 -441.353  0 0 -450  81.108 -33.596 -441.353  tri480
neighbors tri1 tri2 tri3 tri17
neighbors tri2 tri1 tri16 tri18
neighbors tri3 tri1 tri4 tri20
neighbors tri4 tri3 tri5 tri22
neighbors tri5 tri4 tri6 tri24
neighbors tri6 tri5 tri7 tri26
neighbors tri7 tri6 tri8 tri27
neighbors tri8 tri7 tri9 tri30
neighbors tri9 tri8 tri10 tri31
neighbors tri10 tri9 tri11 tri34
neighbors tri11 tri10 tri12 tri36
neighbors tri12 tri11 tri13 tri38
neighbors tri13 tri12 tri14 tri40
neighbors tri14 tri13 tri15 tri42
neighbors tri15 tri14 tri16 tri43
neighbors tri16 tri2 tri15 tri46
neighbors tri17 tri1 tri19 tri21
neighbors tri18 tri2 tri19 tri48
neighbors tri19 tri17 tri18 tri49
neighbors tri20 tri3 tri21 tri23
neighbors tri21 tri17 tri20 tri53
neighbors tri22 tri4 tri23 tri25
neighbors tri23 tri20 tri22 tri55
neighbors tri24 tri5 tri25 tri26
neighbors tri25 tri22 tri24 tri57
neighbors tri26 tri6 tri24 tri28
neighbors tri27 tri7 tri29 tri30
neighbors tri28 tri26 tri29 tri58
neighbors tri29 tri27 tri28 tri61
neighbors tri30 tri8 tri27 tri32
neighbors tri31 tri9 tri33 tri35
neighbors tri32 tri30 tri33 tri62
neighbors tri33 tri31 tri32 tri65
neighbors tri34 tri10 tri35 tri37
neighbors tri35 tri31 tri34 tri66
neighbors tri36 tri11 tri37 tri39
neighbors tri37 tri34 tri36 tri69
neighbors tri38 tri12 tri39 tri41
neighbors tri39 tri36 tri38 tri70
neighbors tri40 tri13 tri41 tri42
neighbors tri41 tri38 tri40 tri73
neighbors tri42 tri14 tri40 tri44
neighbors tri43 tri15 tri45 tri47
neighbors tri44 tri42 tri45 tri74
neighbors tri45 tri43 tri44 tri77
neighbors tri46 tri16 tri47 tri48
neighbors tri47 tri43 tri46 tri78
neighbors tri48 tri18 tri46 tri50
neighbors tri49 tri19 tri51 tri54
neighbors tri50 tri48 tri52 tri78
neighbors tri51 tri49 tri52 tri81
neighbors tri52 tri50 tri51 tri82
neighbors tri53 tri21 tri54 tri56
neighbors tri54 tri49 tri53 tri84
neighbors tri55 tri23 tri56 tri57
neighbors tri56 tri53 tri55 tri85
neighbors tri57 tri25 tri55 tri59
neighbors tri58 tri28 tri60 tri61
neighbors tri59 tri57 tri60 tri88
neighbors tri60 tri58 tri59 tri90
neighbors tri61 tri29 tri58 tri63
neighbors tri62 tri32 tri64 tri65
neighbors tri63 tri61 tri64 tri91
neighbors tri64 tri62 tri63 tri94
neighbors tri65 tri33 tri62 tri67
neighbors tri66 tri35 tri68 tri69
neighbors tri67 tri65 tri68 tri95
neighbors tri68 tri66 tri67 tri98
neighbors tri69 tri37 tri66 tri71
neighbors tri70 tri39 tri72 tri73
neighbors tri71 tri69 tri72 tri100
neighbors tri72 tri70 tri71 tri101
neighbors tri73 tri41 tri70 tri75
neighbors tri74 tri44 tri76 tri77
neighbors tri75 tri73 tri76 tri103
neighbors tri76 tri74 tri75 tri105
neighbors tri77 tri45 tri74 tri79
neighbors tri78 tri47 tri50 tri80
neighbors tri79 tri77 tri80 tri107
neighbors tri80 tri78 tri79 tri109
neighbors tri81 tri51 tri83 tri84
neighbors tri82 tri52 tri83 tri111
neighbors tri83 tri81 tri82 tri113
neighbors tri84 tri54 tri81 tri86
neighbors tri85 tri56 tri87 tri89
neighbors tri86 tri84 tri87 tri115
neighbors tri87 tri85 tri86 tri118
neighbors tri88 tri59 tri89 tri90
neighbors tri89 tri85 tri88 tri120
neighbors tri90 tri60 tri88 tri92
neighbors tri91 tri63 tri93 tri94
neighbors tri92 tri90 tri93 tri122
neighbors tri93 tri91 tri92 tri124
neighbors tri94 tri64 tri91 tri96
neighbors tri95 tri67 tri97 tri99
neighbors tri96 tri94 tri97 tri125
neighbors tri97 tri95 tri96 tri128
neighbors tri98 tri68 tri99 tri100
neighbors tri99 tri95 tri98 tri130
neighbors tri100 tri71 tri98 tri102
neighbors tri101 tri72 tri102 tri104
neighbors tri102 tri100 tri101 tri131
neighbors tri103 tri75 tri104 tri106
neighbors tri104 tri101 tri103 tri134
neighbors tri105 tri76 tri106 tri108
neighbors tri106 tri103 tri105 tri135
neighbors tri107 tri79 tri108 tri110
neighbors tri108 tri105 tri107 tri137
neighbors tri109 tri80 tri110 tri112
neighbors tri110 tri107 tri109 tri139
neighbors tri111 tri82 tri112 tri114
neighbors tri112 tri109 tri111 tri142
neighbors tri113 tri83 tri114 tri116
neighbors tri114 tri111 tri113 tri144
neighbors tri115 tri86 tri117 tri119
neighbors tri116 tri113 tri117 tri145
neighbors tri117 tri115 tri116 tri149
neighbors tri118 tri87 tri119 tri121
neighbors tri119 tri115 tri118 tri150
neighbors tri120 tri89 tri121 tri123
neighbors tri121 tri118 tri120 tri152
neighbors tri122 tri92 tri123 tri124
neighbors tri123 tri120 tri122 tri154
neighbors tri124 tri93 tri122 tri126
neighbors tri125 tri96 tri127 tri129
neighbors tri126 tri124 tri127 tri156
neighbors tri127 tri125 tri126 tri158
neighbors tri128 tri97 tri129 tri130
neighbors tri129 tri125 tri128 tri161
neighbors tri130 tri99 tri128 tri132
neighbors tri131 tri102 tri133 tri134
neighbors tri132 tri130 tri133 tri162
neighbors tri133 tri131 tri132 tri165
neighbors tri134 tri104 tri131 tri136
neighbors tri135 tri106 tri136 tri138
neighbors tri136 tri134 tri135 tri167
neighbors tri137 tri108 tri138 tri140
neighbors tri138 tri135 tri137 tri168
neighbors tri139 tri110 tri141 tri143
neighbors tri140 tri137 tri141 tri170
neighbors tri141 tri139 tri140 tri173
neighbors tri142 tri112 tri143 tri144
neighbors tri143 tri139 tri142 tri174
neighbors tri144 tri114 tri142 tri146
neighbors tri145 tri116 tri147 tri149
neighbors tri146 tri144 tri148 tri176
neighbors tri147 tri145 tri148 tri177
neighbors tri148 tri146 tri147 tri178
neighbors tri149 tri117 tri145 tri151
neighbors tri150 tri119 tri151 tri153
neighbors tri151 tri149 tri150 tri179
neighbors tri152 tri121 tri153 tri155
neighbors tri153 tri150 tri152 tri182
neighbors tri154 tri123 tri155 tri157
neighbors tri155 tri152 tri154 tri183
neighbors tri156 tri126 tri157 tri159
neighbors tri157 tri154 tri156 tri185
neighbors tri158 tri127 tri160 tri161
neighbors tri159 tri156 tri160 tri187
neighbors tri160 tri158 tri159 tri190
neighbors tri161 tri129 tri158 tri163
neighbors tri162 tri132 tri164 tri166
neighbors tri163 tri161 tri164 tri191
neighbors tri164 tri162 tri163 tri193
neighbors tri165 tri133 tri166 tri167
neighbors tri166 tri162 tri165 tri195
neighbors tri167 tri136 tri165 tri169
neighbors tri168 tri138 tri169 tri171
neighbors tri169 tri167 tri168 tri198
neighbors tri170 tri140 tri172 tri173
neighbors tri171 tri168 tri172 tri199
neighbors tri172 tri170 tri171 tri201
neighbors tri173 tri141 tri170 tri175
neighbors tri174 tri143 tri175 tri176
neighbors tri175 tri173 tri174 tri203
neighbors tri176 tri146 tri174 tri206
neighbors tri177 tri147 tri178 tri180
neighbors tri178 tri148 tri177 tri207
neighbors tri179 tri151 tri181 tri182
neighbors tri180 tri177 tri181 tri209
neighbors tri181 tri179 tri180 tri213
neighbors tri182 tri153 tri179 tri184
neighbors tri183 tri155 tri184 tri186
neighbors tri184 tri182 tri183 tri215
neighbors tri185 tri157 tri186 tri188
neighbors tri186 tri183 tri185 tri217
neighbors tri187 tri159 tri189 tri190
neighbors tri188 tri185 tri189 tri219
neighbors tri189 tri187 tri188 tri221
neighbors tri190 tri160 tri187 tri192
neighbors tri191 tri163 tri192 tri194
neighbors tri192 tri190 tri191 tri223
neighbors tri193 tri164 tri194 tri196
neighbors tri194 tri191 tri193 tri224
neighbors tri195 tri166 tri197 tri198
neighbors tri196 tri193 tri197 tri226
neighbors tri197 tri195 tri196 tri229
neighbors tri198 tri169 tri195 tri200
neighbors tri199 tri171 tri200 tri202
neighbors tri200 tri198 tri199 tri231
neighbors tri201 tri172 tri202 tri204
neighbors tri202 tri199 tri201 tri232
neighbors tri203 tri175 tri205 tri206
neighbors tri204 tri201 tri205 tri234
neighbors tri205 tri203 tri204 tri237
neighbors tri206 tri176 tri203 tri208
neighbors tri207 tri178 tri208 tri210
neighbors tri208 tri206 tri207 tri239
neighbors tri209 tri180 tri211 tri214
neighbors tri210 tri207 tri212 tri240
neighbors tri211 tri209 tri212 tri241
neighbors tri212 tri210 tri211 tri242
neighbors tri213 tri181 tri214 tri216
neighbors tri214 tri209 tri213 tri243
neighbors tri215 tri184 tri216 tri218
neighbors tri216 tri213 tri215 tri245
neighbors tri217 tri186 tri218 tri220
neighbors tri218 tri215 tri217 tri247
neighbors tri219 tri188 tri220 tri222
neighbors tri220 tri217 tri219 tri249
neighbors tri221 tri189 tri222 tri223
neighbors tri222 tri219 tri221 tri251
neighbors tri223 tri192 tri221 tri225
neighbors tri224 tri194 tri225 tri227
neighbors tri225 tri223 tri224 tri253
neighbors tri226 tri196 tri228 tri230
neighbors tri227 tri224 tri228 tri256
neighbors tri228 tri226 tri227 tri258
neighbors tri229 tri197 tri230 tri231
neighbors tri230 tri226 tri229 tri259
neighbors tri231 tri200 tri229 tri233
neighbors tri232 tri202 tri233 tri235
neighbors tri233 tri231 tri232 tri261
neighbors tri234 tri204 tri236 tri238
neighbors tri235 tri232 tri236 tri264
neighbors tri236 tri234 tri235 tri266
neighbors tri237 tri205 tri238 tri239
neighbors tri238 tri234 tri237 tri267
neighbors tri239 tri208 tri237 tri240
neighbors tri240 tri210 tri239 tri269
neighbors tri241 tri211 tri242 tri244
neighbors tri242 tri212 tri241 tri272
neighbors tri243 tri214 tri244 tri246
neighbors tri244 tri241 tri243 tri273
neighbors tri245 tri216 tri246 tri248
neighbors tri246 tri243 tri245 tri277
neighbors tri247 tri218 tri248 tri250
neighbors tri248 tri245 tri247 tri278
neighbors tri249 tri220 tri250 tri252
neighbors tri250 tri247 tri249 tri281
neighbors tri251 tri222 tri252 tri254
neighbors tri252 tri249 tri251 tri283
neighbors tri253 tri225 tri255 tri257
neighbors tri254 tri251 tri255 tri285
neighbors tri255 tri253 tri254 tri286
neighbors tri256 tri227 tri257 tri258
neighbors tri257 tri253 tri256 tri289
neighbors tri258 tri228 tri256 tri260
neighbors tri259 tri230 tri260 tri262
neighbors tri260 tri258 tri259 tri291
neighbors tri261 tri233 tri263 tri265
neighbors tri262 tri259 tri263 tri293
neighbors tri263 tri261 tri262 tri294
neighbors tri264 tri235 tri265 tri266
neighbors tri265 tri261 tri264 tri297
neighbors tri266 tri236 tri264 tri268
neighbors tri267 tri238 tri268 tri270
neighbors tri268 tri266 tri267 tri299
neighbors tri269 tri240 tri271 tri272
neighbors tri270 tri267 tri271 tri301
neighbors tri271 tri269 tri270 tri302
neighbors tri272 tri242 tri269 tri274
neighbors tri273 tri244 tri275 tri277
neighbors tri274 tri272 tri276 tri302
neighbors tri275 tri273 tri276 tri305
neighbors tri276 tri274 tri275 tri306
neighbors tri277 tri246 tri273 tri279
neighbors tri278 tri248 tri280 tri282
neighbors tri279 tri277 tri280 tri307
neighbors tri280 tri278 tri279 tri310
neighbors tri281 tri250 tri282 tri284
neighbors tri282 tri278 tri281 tri312
neighbors tri283 tri252 tri284 tri285
neighbors tri284 tri281 tri283 tri314
neighbors tri285 tri254 tri283 tri287
neighbors tri286 tri255 tri288 tri290
neighbors tri287 tri285 tri288 tri316
neighbors tri288 tri286 tri287 tri318
neighbors tri289 tri257 tri290 tri292
neighbors tri290 tri286 tri289 tri319
neighbors tri291 tri260 tri292 tri293
neighbors tri292 tri289 tri291 tri322
neighbors tri293 tri262 tri291 tri295
neighbors tri294 tri263 tri296 tri298
neighbors tri295 tri293 tri296 tri323
neighbors tri296 tri294 tri295 tri325
neighbors tri297 tri265 tri298 tri300
neighbors tri298 tri294 tri297 tri328
neighbors tri299 tri268 tri300 tri301
neighbors tri300 tri297 tri299 tri330
neighbors tri301 tri270 tri299 tri303
neighbors tri302 tri271 tri274 tri304
neighbors tri303 tri301 tri304 tri331
neighbors tri304 tri302 tri303 tri334
neighbors tri305 tri275 tri306 tri308
neighbors tri306 tri276 tri305 tri336
neighbors tri307 tri279 tri309 tri311
neighbors tri308 tri305 tri309 tri337
neighbors tri309 tri307 tri308 tri341
neighbors tri310 tri280 tri311 tri313
neighbors tri311 tri307 tri310 tri342
neighbors tri312 tri282 tri313 tri315
neighbors tri313 tri310 tri312 tri344
neighbors tri314 tri284 tri315 tri317
neighbors tri315 tri312 tri314 tri346
neighbors tri316 tri287 tri317 tri318
neighbors tri317 tri314 tri316 tri348
neighbors tri318 tri288 tri316 tri320
neighbors tri319 tri290 tri321 tri322
neighbors tri320 tri318 tri321 tri351
neighbors tri321 tri319 tri320 tri352
neighbors tri322 tri292 tri319 tri324
neighbors tri323 tri295 tri324 tri326
neighbors tri324 tri322 tri323 tri354
neighbors tri325 tri296 tri327 tri329
neighbors tri326 tri323 tri327 tri357
neighbors tri327 tri325 tri326 tri358
neighbors tri328 tri298 tri329 tri330
neighbors tri329 tri325 tri328 tri361
neighbors tri330 tri300 tri328 tri332
neighbors tri331 tri303 tri333 tri335
neighbors tri332 tri330 tri333 tri363
neighbors tri333 tri331 tri332 tri365
neighbors tri334 tri304 tri335 tri336
neighbors tri335 tri331 tri334 tri366
neighbors tri336 tri306 tri334 tri338
neighbors tri337 tri308 tri339 tri341
neighbors tri338 tri336 tri340 tri368
neighbors tri339 tri337 tri340 tri369
neighbors tri340 tri338 tri339 tri370
neighbors tri341 tri309 tri337 tri343
neighbors tri342 tri311 tri343 tri345
neighbors tri343 tri341 tri342 tri372
neighbors tri344 tri313 tri345 tri347
neighbors tri345 tri342 tri344 tri375
neighbors tri346 tri315 tri347 tri349
neighbors tri347 tri344 tri346 tri376
neighbors tri348 tri317 tri350 tri351
neighbors tri349 tri346 tri350 tri378
neighbors tri350 tri348 tri349 tri381
neighbors tri351 tri320 tri348 tri353
neighbors tri352 tri321 tri353 tri355
neighbors tri353 tri351 tri352 tri382
neighbors tri354 tri324 tri356 tri357
neighbors tri355 tri352 tri356 tri385
neighbors tri356 tri354 tri355 tri386
neighbors tri357 tri326 tri354 tri359
neighbors tri358 tri327 tri360 tri362
neighbors tri359 tri357 tri360 tri388
neighbors tri360 tri358 tri359 tri391
neighbors tri361 tri329 tri362 tri364
neighbors tri362 tri358 tri361 tri393
neighbors tri363 tri332 tri364 tri365
neighbors tri364 tri361 tri363 tri395
neighbors tri365 tri333 tri363 tri367
neighbors tri366 tri335 tri367 tri368
neighbors tri367 tri365 tri366 tri397
neighbors tri368 tri338 tri366 tri399
neighbors tri369 tri339 tri371 tri373
neighbors tri370 tri340 tri371 tri399
neighbors tri371 tri369 tri370 tri402
neighbors tri372 tri343 tri374 tri375
neighbors tri373 tri369 tri374 tri401
neighbors tri374 tri372 tri373 tri403
neighbors tri375 tri345 tri372 tri377
neighbors tri376 tri347 tri377 tri379
neighbors tri377 tri375 tri376 tri405
neighbors tri378 tri349 tri380 tri381
neighbors tri379 tri376 tri380 tri407
neighbors tri380 tri378 tri379 tri410
neighbors tri381 tri350 tri378 tri383
neighbors tri382 tri353 tri384 tri385
neighbors tri383 tri381 tri384 tri411
neighbors tri384 tri382 tri383 tri414
neighbors tri385 tri355 tri382 tri387
neighbors tri386 tri356 tri387 tri389
neighbors tri387 tri385 tri386 tri415
neighbors tri388 tri359 tri390 tri392
neighbors tri389 tri386 tri390 tri418
neighbors tri390 tri388 tri389 tri419
neighbors tri391 tri360 tri392 tri394
neighbors tri392 tri388 tri391 tri422
neighbors tri393 tri362 tri394 tri396
neighbors tri394 tri391 tri393 tri423
neighbors tri395 tri364 tri396 tri398
neighbors tri396 tri393 tri395 tri426
neighbors tri397 tri367 tri398 tri400
neighbors tri398 tri395 tri397 tri427
neighbors tri399 tri368 tri370 tri400
neighbors tri400 tri397 tri399 tri430
neighbors tri401 tri373 tri402 tri404
neighbors tri402 tri371 tri401 tri431
neighbors tri403 tri374 tri404 tri406
neighbors tri404 tri401 tri403 tri433
neighbors tri405 tri377 tri406 tri408
neighbors tri406 tri403 tri405 tri436
neighbors tri407 tri379 tri409 tri410
neighbors tri408 tri405 tri409 tri438
neighbors tri409 tri407 tri408 tri440
neighbors tri410 tri380 tri407 tri412
neighbors tri411 tri383 tri413 tri414
neighbors tri412 tri410 tri413 tri442
neighbors tri413 tri411 tri412 tri445
neighbors tri414 tri384 tri411 tri416
neighbors tri415 tri387 tri417 tri418
neighbors tri416 tri414 tri417 tri446
neighbors tri417 tri415 tri416 tri449
neighbors tri418 tri389 tri415 tri420
neighbors tri419 tri390 tri421 tri422
neighbors tri420 tri418 tri421 tri450
neighbors tri421 tri419 tri420 tri452
neighbors tri422 tri392 tri419 tri424
neighbors tri423 tri394 tri425 tri426
neighbors tri424 tri422 tri425 tri454
neighbors tri425 tri423 tri424 tri456
neighbors tri426 tri396 tri423 tri428
neighbors tri427 tri398 tri429 tri430
neighbors tri428 tri426 tri429 tri458
neighbors tri429 tri427 tri428 tri461
neighbors tri430 tri400 tri427 tri432
neighbors tri431 tri402 tri432 tri434
neighbors tri432 tri430 tri431 tri462
neighbors tri433 tri404 tri435 tri437
neighbors tri434 tri431 tri435 tri464
neighbors tri435 tri433 tri434 tri466
neighbors tri436 tri406 tri437 tri439
neighbors tri437 tri433 tri436 tri465
neighbors tri438 tri408 tri439 tri441
neighbors tri439 tri436 tri438 tri467
neighbors tri440 tri409 tri441 tri443
neighbors tri441 tri438 tri440 tri468
neighbors tri442 tri412 tri444 tri445
neighbors tri443 tri440 tri444 tri469
neighbors tri444 tri442 tri443 tri470
neighbors tri445 tri413 tri442 tri447
neighbors tri446 tri416 tri448 tri449
neighbors tri447 tri445 tri448 tri471
neighbors tri448 tri446 tri447 tri472
neighbors tri449 tri417 tri446 tri451
neighbors tri450 tri420 tri451 tri453
neighbors tri451 tri449 tri450 tri473
neighbors tri452 tri421 tri453 tri455
neighbors tri453 tri450 tri452 tri474
neighbors tri454 tri424 tri455 tri457
neighbors tri455 tri452 tri454 tri475
neighbors tri456 tri425 tri457 tri459
neighbors tri457 tri454 tri456 tri476
neighbors tri458 tri428 tri460 tri461
neighbors tri459 tri456 tri460 tri477
neighbors tri460 tri458 tri459 tri478
neighbors tri461 tri429 tri458 tri463
neighbors tri462 tri432 tri463 tri464
neighbors tri463 tri461 tri462 tri479
neighbors tri464 tri434 tri462 tri480
neighbors tri465 tri437 tri466 tri467
neighbors tri466 tri435 tri465 tri480
neighbors tri467 tri439 tri465 tri468
neighbors tri468 tri441 tri467 tri469
neighbors tri469 tri443 tri468 tri470
neighbors tri470 tri444 tri469 tri471
neighbors tri471 tri447 tri470 tri472
neighbors tri472 tri448 tri471 tri473
neighbors tri473 tri451 tri472 tri474
neighbors tri474 tri453 tri473 tri475
neighbors tri475 tri455 tri474 tri476
neighbors tri476 tri457 tri475 tri477
neighbors tri477 tri459 tri476 tri478
neighbors tri478 tri460 tri477 tri479
neighbors tri479 tri463 tri478 tri480
neighbors tri480 tri464 tri466 tri479

end_file
