0 1000 1000 0 1000 1000 0 1000 1000 0
0.1 1000 1000 0 1000 1000 0 753 753 247
0.2 1000 1000 0 998 998 2 736 736 264
0.3 1000 1000 0 998 998 2 721 721 279
0.4 999 999 1 995 995 5 704 704 296
0.5 999 999 1 995 995 5 687 687 313
0.6 999 999 1 995 995 5 674 674 326
0.7 999 999 1 992 992 8 654 654 346
0.8 998 998 2 990 990 10 641 641 359
0.9 998 998 2 990 990 10 630 630 370
1 998 998 2 989 989 11 619 619 381
1.1 998 998 2 988 988 12 607 607 393
1.2 998 998 2 987 987 13 599 599 401
1.3 998 998 2 986 986 14 594 594 406
1.4 998 998 2 984 984 16 586 586 414
1.5 998 998 2 983 983 17 578 578 422
1.6 998 998 2 983 983 17 570 570 430
1.7 998 998 2 980 980 20 562 562 438
1.8 997 997 3 980 980 20 551 551 449
1.9 997 997 3 980 980 20 545 545 455
2 997 997 3 978 978 22 541 541 459
2.1 997 997 3 976 976 24 534 534 466
2.2 997 997 3 976 976 24 525 525 475
2.3 997 997 3 976 976 24 519 519 481
2.4 997 997 3 976 976 24 514 514 486
2.5 997 997 3 976 976 24 509 509 491
2.6 997 997 3 973 973 27 504 504 496
2.7 997 997 3 973 973 27 500 500 500
2.8 997 997 3 972 972 28 497 497 503
2.9 997 997 3 971 971 29 494 494 506
3 997 997 3 970 970 30 494 494 506
3.1 997 997 3 968 968 32 490 490 510
3.2 997 997 3 965 965 35 486 486 514
3.3 997 997 3 965 965 35 481 481 519
3.4 997 997 3 963 963 37 475 475 525
3.5 997 997 3 962 962 38 466 466 534
3.6 997 997 3 961 961 39 465 465 535
3.7 997 997 3 961 961 39 462 462 538
3.8 997 997 3 961 961 39 459 459 541
3.9 997 997 3 960 960 40 457 457 543
4 997 997 3 959 959 41 455 455 545
4.1 997 997 3 957 957 43 454 454 546
4.2 997 997 3 956 956 44 453 453 547
4.3 997 997 3 953 953 47 449 449 551
4.4 997 997 3 952 952 48 444 444 556
4.5 996 996 4 952 952 48 441 441 559
4.6 995 995 5 951 951 49 437 437 563
4.7 995 995 5 951 951 49 433 433 567
4.8 995 995 5 951 951 49 432 432 568
4.9 995 995 5 949 949 51 431 431 569
5 995 995 5 948 948 52 426 426 574
5.1 995 995 5 948 948 52 424 424 576
5.2 995 995 5 948 948 52 424 424 576
5.3 995 995 5 947 947 53 419 419 581
5.4 995 995 5 947 947 53 418 418 582
5.5 995 995 5 945 945 55 417 417 583
5.6 995 995 5 943 943 57 415 415 585
5.7 995 995 5 943 943 57 409 409 591
5.8 995 995 5 943 943 57 407 407 593
5.9 995 995 5 943 943 57 404 404 596
6 995 995 5 942 942 58 403 403 597
6.1 995 995 5 942 942 58 401 401 599
6.2 995 995 5 942 942 58 400 400 600
6.3 995 995 5 942 942 58 398 398 602
6.4 995 995 5 941 941 59 395 395 605
6.5 995 995 5 940 940 60 394 394 606
6.6 995 995 5 939 939 61 391 391 609
6.7 995 995 5 938 938 62 391 391 609
6.8 995 995 5 938 938 62 386 386 614
6.9 995 995 5 937 937 63 385 385 615
7 995 995 5 935 935 65 384 384 616
7.1 995 995 5 934 934 66 382 382 618
7.2 995 995 5 934 934 66 381 381 619
7.3 994 994 6 934 934 66 379 379 621
7.4 994 994 6 933 933 67 374 374 626
7.5 994 994 6 933 933 67 372 372 628
7.6 994 994 6 931 931 69 368 368 632
7.7 994 994 6 930 930 70 368 368 632
7.8 993 993 7 929 929 71 366 366 634
7.9 993 993 7 928 928 72 366 366 634
8 993 993 7 925 925 75 365 365 635
8.1 993 993 7 924 924 76 365 365 635
8.2 993 993 7 924 924 76 362 362 638
8.3 992 992 8 923 923 77 362 362 638
8.4 992 992 8 922 922 78 357 357 643
8.5 992 992 8 921 921 79 357 357 643
8.6 992 992 8 920 920 80 357 357 643
8.7 992 992 8 920 920 80 356 356 644
8.8 992 992 8 918 918 82 352 352 648
8.9 992 992 8 917 917 83 348 348 652
9 992 992 8 916 916 84 346 346 654
9.1 992 992 8 915 915 85 345 345 655
9.2 992 992 8 912 912 88 344 344 656
9.3 992 992 8 909 909 91 342 342 658
9.4 992 992 8 908 908 92 342 342 658
9.5 992 992 8 908 908 92 341 341 659
9.6 992 992 8 907 907 93 341 341 659
9.7 992 992 8 907 907 93 340 340 660
9.8 991 991 9 906 906 94 337 337 663
9.9 990 990 10 906 906 94 332 332 668
10 990 990 10 906 906 94 332 332 668
10.1 990 990 10 905 905 95 329 329 671
10.2 990 990 10 903 903 97 327 327 673
10.3 989 989 11 903 903 97 325 325 675
10.4 989 989 11 901 901 99 325 325 675
10.5 989 989 11 900 900 100 324 324 676
10.6 989 989 11 898 898 102 321 321 679
10.7 989 989 11 898 898 102 320 320 680
10.8 989 989 11 898 898 102 320 320 680
10.9 989 989 11 897 897 103 319 319 681
11 989 989 11 897 897 103 316 316 684
11.1 989 989 11 894 894 106 315 315 685
11.2 989 989 11 893 893 107 313 313 687
11.3 988 988 12 890 890 110 312 312 688
11.4 987 987 13 888 888 112 310 310 690
11.5 987 987 13 887 887 113 306 306 694
11.6 987 987 13 886 886 114 305 305 695
11.7 987 987 13 886 886 114 305 305 695
11.8 987 987 13 885 885 115 305 305 695
11.9 987 987 13 883 883 117 304 304 696
12 987 987 13 881 881 119 303 303 697
12.1 987 987 13 880 880 120 301 301 699
12.2 987 987 13 879 879 121 301 301 699
12.3 987 987 13 879 879 121 299 299 701
12.4 987 987 13 878 878 122 298 298 702
12.5 987 987 13 877 877 123 295 295 705
12.6 987 987 13 877 877 123 295 295 705
12.7 987 987 13 877 877 123 294 294 706
12.8 987 987 13 877 877 123 292 292 708
12.9 987 987 13 877 877 123 292 292 708
13 987 987 13 877 877 123 291 291 709
13.1 987 987 13 876 876 124 289 289 711
13.2 987 987 13 876 876 124 289 289 711
13.3 987 987 13 873 873 127 289 289 711
13.4 987 987 13 873 873 127 289 289 711
13.5 987 987 13 872 872 128 288 288 712
13.6 987 987 13 872 872 128 286 286 714
13.7 987 987 13 872 872 128 284 284 716
13.8 987 987 13 872 872 128 284 284 716
13.9 987 987 13 871 871 129 284 284 716
14 987 987 13 871 871 129 283 283 717
14.1 987 987 13 870 870 130 283 283 717
14.2 987 987 13 868 868 132 283 283 717
14.3 987 987 13 868 868 132 281 281 719
14.4 987 987 13 868 868 132 280 280 720
14.5 987 987 13 866 866 134 279 279 721
14.6 987 987 13 864 864 136 277 277 723
14.7 987 987 13 864 864 136 274 274 726
14.8 987 987 13 863 863 137 272 272 728
14.9 987 987 13 863 863 137 271 271 729
15 987 987 13 863 863 137 271 271 729
15.1 987 987 13 863 863 137 270 270 730
15.2 987 987 13 863 863 137 269 269 731
15.3 987 987 13 862 862 138 268 268 732
15.4 987 987 13 862 862 138 265 265 735
15.5 987 987 13 861 861 139 265 265 735
15.6 987 987 13 861 861 139 264 264 736
15.7 987 987 13 860 860 140 264 264 736
15.8 987 987 13 859 859 141 264 264 736
15.9 987 987 13 858 858 142 264 264 736
16 987 987 13 858 858 142 264 264 736
16.1 987 987 13 858 858 142 263 263 737
16.2 987 987 13 857 857 143 262 262 738
16.3 986 986 14 854 854 146 262 262 738
16.4 986 986 14 853 853 147 262 262 738
16.5 986 986 14 852 852 148 260 260 740
16.6 986 986 14 850 850 150 260 260 740
16.7 986 986 14 850 850 150 257 257 743
16.8 986 986 14 849 849 151 257 257 743
16.9 986 986 14 849 849 151 256 256 744
17 986 986 14 848 848 152 256 256 744
17.1 986 986 14 847 847 153 254 254 746
17.2 986 986 14 845 845 155 253 253 747
17.3 986 986 14 844 844 156 253 253 747
17.4 986 986 14 844 844 156 253 253 747
17.5 986 986 14 843 843 157 252 252 748
17.6 986 986 14 841 841 159 252 252 748
17.7 986 986 14 841 841 159 251 251 749
17.8 986 986 14 841 841 159 251 251 749
17.9 986 986 14 841 841 159 251 251 749
18 986 986 14 840 840 160 251 251 749
18.1 986 986 14 838 838 162 249 249 751
18.2 986 986 14 838 838 162 245 245 755
18.3 986 986 14 836 836 164 245 245 755
18.4 986 986 14 836 836 164 245 245 755
18.5 986 986 14 834 834 166 245 245 755
18.6 986 986 14 833 833 167 244 244 756
18.7 986 986 14 831 831 169 244 244 756
18.8 986 986 14 830 830 170 244 244 756
18.9 985 985 15 830 830 170 244 244 756
19 985 985 15 830 830 170 244 244 756
19.1 985 985 15 830 830 170 244 244 756
19.2 985 985 15 829 829 171 244 244 756
19.3 985 985 15 829 829 171 243 243 757
19.4 985 985 15 827 827 173 243 243 757
19.5 985 985 15 823 823 177 243 243 757
19.6 985 985 15 822 822 178 243 243 757
19.7 985 985 15 822 822 178 243 243 757
19.8 985 985 15 821 821 179 243 243 757
19.9 985 985 15 821 821 179 243 243 757
20 985 985 15 820 820 180 243 243 757
20.1 985 985 15 819 819 181 243 243 757
20.2 985 985 15 817 817 183 243 243 757
20.3 985 985 15 817 817 183 243 243 757
20.4 985 985 15 816 816 184 242 242 758
20.5 985 985 15 816 816 184 242 242 758
20.6 985 985 15 815 815 185 242 242 758
20.7 985 985 15 815 815 185 242 242 758
20.8 985 985 15 815 815 185 242 242 758
20.9 985 985 15 813 813 187 240 240 760
21 985 985 15 813 813 187 239 239 761
21.1 984 984 16 813 813 187 238 238 762
21.2 984 984 16 812 812 188 237 237 763
21.3 984 984 16 810 810 190 237 237 763
21.4 984 984 16 810 810 190 237 237 763
21.5 984 984 16 810 810 190 236 236 764
21.6 984 984 16 809 809 191 236 236 764
21.7 984 984 16 808 808 192 233 233 767
21.8 984 984 16 808 808 192 233 233 767
21.9 984 984 16 807 807 193 231 231 769
22 984 984 16 807 807 193 231 231 769
22.1 984 984 16 806 806 194 231 231 769
22.2 984 984 16 805 805 195 230 230 770
22.3 984 984 16 804 804 196 229 229 771
22.4 984 984 16 804 804 196 229 229 771
22.5 984 984 16 803 803 197 228 228 772
22.6 983 983 17 803 803 197 228 228 772
22.7 983 983 17 801 801 199 228 228 772
22.8 983 983 17 801 801 199 228 228 772
22.9 982 982 18 800 800 200 228 228 772
23 982 982 18 799 799 201 225 225 775
23.1 982 982 18 799 799 201 224 224 776
23.2 982 982 18 798 798 202 224 224 776
23.3 981 981 19 798 798 202 223 223 777
23.4 981 981 19 797 797 203 223 223 777
23.5 981 981 19 797 797 203 223 223 777
23.6 981 981 19 796 796 204 222 222 778
23.7 981 981 19 796 796 204 221 221 779
23.8 981 981 19 794 794 206 221 221 779
23.9 980 980 20 794 794 206 221 221 779
24 980 980 20 794 794 206 221 221 779
24.1 980 980 20 794 794 206 221 221 779
24.2 980 980 20 794 794 206 221 221 779
24.3 980 980 20 792 792 208 220 220 780
24.4 979 979 21 790 790 210 220 220 780
24.5 979 979 21 789 789 211 220 220 780
24.6 979 979 21 787 787 213 220 220 780
24.7 979 979 21 787 787 213 220 220 780
24.8 979 979 21 786 786 214 220 220 780
24.9 979 979 21 784 784 216 219 219 781
25 979 979 21 783 783 217 218 218 782
25.1 979 979 21 782 782 218 218 218 782
25.2 979 979 21 782 782 218 216 216 784
25.3 979 979 21 782 782 218 216 216 784
25.4 979 979 21 782 782 218 216 216 784
25.5 979 979 21 781 781 219 216 216 784
25.6 979 979 21 781 781 219 216 216 784
25.7 978 978 22 781 781 219 214 214 786
25.8 978 978 22 780 780 220 212 212 788
25.9 978 978 22 780 780 220 211 211 789
26 977 977 23 779 779 221 210 210 790
26.1 977 977 23 779 779 221 209 209 791
26.2 977 977 23 779 779 221 208 208 792
26.3 977 977 23 778 778 222 208 208 792
26.4 977 977 23 778 778 222 208 208 792
26.5 976 976 24 778 778 222 208 208 792
26.6 976 976 24 778 778 222 206 206 794
26.7 976 976 24 777 777 223 206 206 794
26.8 975 975 25 776 776 224 205 205 795
26.9 975 975 25 774 774 226 204 204 796
27 975 975 25 774 774 226 204 204 796
27.1 975 975 25 773 773 227 204 204 796
27.2 975 975 25 772 772 228 204 204 796
27.3 975 975 25 771 771 229 204 204 796
27.4 975 975 25 771 771 229 204 204 796
27.5 975 975 25 771 771 229 204 204 796
27.6 975 975 25 771 771 229 204 204 796
27.7 975 975 25 771 771 229 204 204 796
27.8 975 975 25 771 771 229 202 202 798
27.9 975 975 25 770 770 230 202 202 798
28 975 975 25 770 770 230 202 202 798
28.1 975 975 25 770 770 230 201 201 799
28.2 975 975 25 770 770 230 201 201 799
28.3 975 975 25 770 770 230 200 200 800
28.4 975 975 25 770 770 230 197 197 803
28.5 975 975 25 769 769 231 196 196 804
28.6 975 975 25 769 769 231 194 194 806
28.7 975 975 25 768 768 232 194 194 806
28.8 975 975 25 767 767 233 193 193 807
28.9 975 975 25 766 766 234 192 192 808
29 975 975 25 764 764 236 192 192 808
29.1 975 975 25 764 764 236 191 191 809
29.2 974 974 26 764 764 236 190 190 810
29.3 974 974 26 764 764 236 190 190 810
29.4 974 974 26 763 763 237 190 190 810
29.5 974 974 26 762 762 238 190 190 810
29.6 974 974 26 761 761 239 189 189 811
29.7 974 974 26 760 760 240 188 188 812
29.8 973 973 27 760 760 240 187 187 813
29.9 973 973 27 759 759 241 186 186 814
30 973 973 27 759 759 241 186 186 814
30.1 973 973 27 758 758 242 186 186 814
30.2 973 973 27 758 758 242 186 186 814
30.3 973 973 27 758 758 242 186 186 814
30.4 972 972 28 758 758 242 186 186 814
30.5 972 972 28 757 757 243 186 186 814
30.6 972 972 28 756 756 244 186 186 814
30.7 972 972 28 756 756 244 186 186 814
30.8 972 972 28 756 756 244 186 186 814
30.9 971 971 29 756 756 244 186 186 814
31 971 971 29 756 756 244 186 186 814
31.1 971 971 29 755 755 245 186 186 814
31.2 971 971 29 753 753 247 186 186 814
31.3 971 971 29 753 753 247 186 186 814
31.4 971 971 29 753 753 247 185 185 815
31.5 971 971 29 751 751 249 185 185 815
31.6 971 971 29 750 750 250 184 184 816
31.7 971 971 29 749 749 251 184 184 816
31.8 971 971 29 747 747 253 184 184 816
31.9 971 971 29 746 746 254 184 184 816
32 971 971 29 745 745 255 184 184 816
32.1 971 971 29 745 745 255 183 183 817
32.2 971 971 29 745 745 255 183 183 817
32.3 971 971 29 745 745 255 183 183 817
32.4 971 971 29 744 744 256 181 181 819
32.5 971 971 29 744 744 256 181 181 819
32.6 971 971 29 743 743 257 181 181 819
32.7 971 971 29 742 742 258 180 180 820
32.8 970 970 30 742 742 258 180 180 820
32.9 970 970 30 741 741 259 180 180 820
33 970 970 30 741 741 259 180 180 820
33.1 970 970 30 741 741 259 180 180 820
33.2 970 970 30 739 739 261 179 179 821
33.3 970 970 30 738 738 262 178 178 822
33.4 969 969 31 738 738 262 177 177 823
33.5 969 969 31 737 737 263 177 177 823
33.6 969 969 31 737 737 263 176 176 824
33.7 969 969 31 737 737 263 176 176 824
33.8 969 969 31 736 736 264 176 176 824
33.9 969 969 31 734 734 266 176 176 824
34 969 969 31 734 734 266 176 176 824
34.1 968 968 32 734 734 266 176 176 824
34.2 968 968 32 733 733 267 175 175 825
34.3 968 968 32 733 733 267 175 175 825
34.4 968 968 32 733 733 267 175 175 825
34.5 968 968 32 732 732 268 173 173 827
34.6 968 968 32 732 732 268 172 172 828
34.7 968 968 32 732 732 268 172 172 828
34.8 967 967 33 731 731 269 172 172 828
34.9 967 967 33 731 731 269 172 172 828
35 967 967 33 731 731 269 172 172 828
35.1 967 967 33 731 731 269 172 172 828
35.2 967 967 33 731 731 269 172 172 828
35.3 967 967 33 730 730 270 172 172 828
35.4 967 967 33 730 730 270 172 172 828
35.5 967 967 33 729 729 271 172 172 828
35.6 967 967 33 729 729 271 172 172 828
35.7 967 967 33 728 728 272 171 171 829
35.8 966 966 34 728 728 272 171 171 829
35.9 965 965 35 725 725 275 171 171 829
36 965 965 35 725 725 275 171 171 829
36.1 965 965 35 725 725 275 171 171 829
36.2 965 965 35 724 724 276 171 171 829
36.3 965 965 35 723 723 277 171 171 829
36.4 965 965 35 722 722 278 171 171 829
36.5 965 965 35 722 722 278 171 171 829
36.6 965 965 35 722 722 278 170 170 830
36.7 965 965 35 722 722 278 170 170 830
36.8 965 965 35 722 722 278 169 169 831
36.9 965 965 35 722 722 278 169 169 831
37 965 965 35 722 722 278 169 169 831
37.1 965 965 35 722 722 278 169 169 831
37.2 964 964 36 722 722 278 168 168 832
37.3 962 962 38 722 722 278 167 167 833
37.4 962 962 38 722 722 278 167 167 833
37.5 962 962 38 722 722 278 167 167 833
37.6 962 962 38 722 722 278 166 166 834
37.7 962 962 38 722 722 278 166 166 834
37.8 962 962 38 722 722 278 166 166 834
37.9 962 962 38 721 721 279 166 166 834
38 962 962 38 720 720 280 166 166 834
38.1 962 962 38 720 720 280 166 166 834
38.2 962 962 38 720 720 280 166 166 834
38.3 962 962 38 720 720 280 165 165 835
38.4 962 962 38 720 720 280 165 165 835
38.5 962 962 38 720 720 280 164 164 836
38.6 961 961 39 720 720 280 163 163 837
38.7 961 961 39 719 719 281 163 163 837
38.8 961 961 39 717 717 283 163 163 837
38.9 961 961 39 715 715 285 163 163 837
39 961 961 39 715 715 285 163 163 837
39.1 961 961 39 714 714 286 163 163 837
39.2 961 961 39 711 711 289 163 163 837
39.3 961 961 39 711 711 289 163 163 837
39.4 961 961 39 711 711 289 163 163 837
39.5 961 961 39 708 708 292 162 162 838
39.6 961 961 39 708 708 292 161 161 839
39.7 961 961 39 708 708 292 161 161 839
39.8 961 961 39 705 705 295 161 161 839
39.9 961 961 39 705 705 295 161 161 839
40 961 961 39 705 705 295 161 161 839
40.1 961 961 39 705 705 295 161 161 839
40.2 961 961 39 702 702 298 161 161 839
40.3 961 961 39 702 702 298 161 161 839
40.4 961 961 39 702 702 298 160 160 840
40.5 961 961 39 702 702 298 160 160 840
40.6 961 961 39 700 700 300 160 160 840
40.7 961 961 39 699 699 301 160 160 840
40.8 961 961 39 699 699 301 160 160 840
40.9 961 961 39 699 699 301 160 160 840
41 961 961 39 698 698 302 160 160 840
41.1 961 961 39 698 698 302 159 159 841
41.2 961 961 39 697 697 303 159 159 841
41.3 961 961 39 697 697 303 159 159 841
41.4 961 961 39 696 696 304 159 159 841
41.5 961 961 39 695 695 305 159 159 841
41.6 960 960 40 695 695 305 159 159 841
41.7 960 960 40 692 692 308 159 159 841
41.8 960 960 40 692 692 308 158 158 842
41.9 960 960 40 692 692 308 157 157 843
42 960 960 40 692 692 308 157 157 843
42.1 960 960 40 689 689 311 157 157 843
42.2 960 960 40 689 689 311 157 157 843
42.3 960 960 40 689 689 311 157 157 843
42.4 960 960 40 688 688 312 157 157 843
42.5 960 960 40 688 688 312 157 157 843
42.6 960 960 40 685 685 315 157 157 843
42.7 960 960 40 684 684 316 156 156 844
42.8 960 960 40 682 682 318 155 155 845
42.9 960 960 40 682 682 318 155 155 845
43 960 960 40 682 682 318 155 155 845
43.1 960 960 40 681 681 319 155 155 845
43.2 960 960 40 681 681 319 154 154 846
43.3 960 960 40 680 680 320 154 154 846
43.4 960 960 40 679 679 321 154 154 846
43.5 960 960 40 679 679 321 154 154 846
43.6 960 960 40 679 679 321 154 154 846
43.7 959 959 41 679 679 321 154 154 846
43.8 959 959 41 679 679 321 154 154 846
43.9 959 959 41 678 678 322 154 154 846
44 959 959 41 678 678 322 154 154 846
44.1 959 959 41 676 676 324 153 153 847
44.2 959 959 41 676 676 324 153 153 847
44.3 959 959 41 676 676 324 153 153 847
44.4 959 959 41 676 676 324 153 153 847
44.5 959 959 41 675 675 325 153 153 847
44.6 959 959 41 675 675 325 153 153 847
44.7 959 959 41 675 675 325 153 153 847
44.8 959 959 41 674 674 326 153 153 847
44.9 959 959 41 674 674 326 153 153 847
45 959 959 41 673 673 327 153 153 847
45.1 959 959 41 671 671 329 153 153 847
45.2 959 959 41 670 670 330 153 153 847
45.3 959 959 41 670 670 330 152 152 848
45.4 959 959 41 670 670 330 152 152 848
45.5 959 959 41 670 670 330 152 152 848
45.6 959 959 41 670 670 330 152 152 848
45.7 959 959 41 670 670 330 152 152 848
45.8 959 959 41 669 669 331 151 151 849
45.9 959 959 41 669 669 331 151 151 849
46 959 959 41 668 668 332 151 151 849
46.1 959 959 41 667 667 333 150 150 850
46.2 959 959 41 666 666 334 150 150 850
46.3 959 959 41 665 665 335 150 150 850
46.4 959 959 41 665 665 335 150 150 850
46.5 959 959 41 665 665 335 150 150 850
46.6 959 959 41 665 665 335 150 150 850
46.7 959 959 41 665 665 335 150 150 850
46.8 959 959 41 665 665 335 149 149 851
46.9 959 959 41 665 665 335 149 149 851
47 959 959 41 664 664 336 149 149 851
47.1 959 959 41 664 664 336 149 149 851
47.2 959 959 41 663 663 337 148 148 852
47.3 959 959 41 663 663 337 147 147 853
47.4 959 959 41 663 663 337 146 146 854
47.5 959 959 41 663 663 337 145 145 855
47.6 959 959 41 663 663 337 145 145 855
47.7 959 959 41 663 663 337 145 145 855
47.8 958 958 42 663 663 337 145 145 855
47.9 958 958 42 663 663 337 144 144 856
48 958 958 42 662 662 338 144 144 856
48.1 958 958 42 662 662 338 144 144 856
48.2 958 958 42 661 661 339 144 144 856
48.3 958 958 42 661 661 339 144 144 856
48.4 958 958 42 661 661 339 142 142 858
48.5 958 958 42 660 660 340 142 142 858
48.6 958 958 42 659 659 341 142 142 858
48.7 958 958 42 659 659 341 141 141 859
48.8 958 958 42 659 659 341 141 141 859
48.9 958 958 42 659 659 341 141 141 859
49 958 958 42 659 659 341 141 141 859
49.1 958 958 42 659 659 341 141 141 859
49.2 958 958 42 657 657 343 141 141 859
49.3 958 958 42 656 656 344 141 141 859
49.4 958 958 42 655 655 345 141 141 859
49.5 957 957 43 655 655 345 141 141 859
49.6 957 957 43 654 654 346 141 141 859
49.7 957 957 43 652 652 348 141 141 859
49.8 957 957 43 652 652 348 141 141 859
49.9 957 957 43 651 651 349 140 140 860
50 957 957 43 651 651 349 140 140 860
50.1 957 957 43 651 651 349 140 140 860
50.2 957 957 43 650 650 350 140 140 860
50.3 957 957 43 650 650 350 140 140 860
50.4 957 957 43 649 649 351 140 140 860
50.5 957 957 43 649 649 351 140 140 860
50.6 957 957 43 647 647 353 140 140 860
50.7 957 957 43 647 647 353 140 140 860
50.8 957 957 43 646 646 354 140 140 860
50.9 957 957 43 645 645 355 139 139 861
51 957 957 43 645 645 355 139 139 861
51.1 957 957 43 645 645 355 139 139 861
51.2 957 957 43 645 645 355 138 138 862
51.3 957 957 43 645 645 355 138 138 862
51.4 957 957 43 644 644 356 138 138 862
51.5 957 957 43 644 644 356 138 138 862
51.6 957 957 43 643 643 357 137 137 863
51.7 957 957 43 643 643 357 137 137 863
51.8 957 957 43 642 642 358 137 137 863
51.9 957 957 43 642 642 358 137 137 863
52 957 957 43 642 642 358 136 136 864
52.1 957 957 43 642 642 358 136 136 864
52.2 957 957 43 642 642 358 135 135 865
52.3 957 957 43 642 642 358 135 135 865
52.4 957 957 43 642 642 358 134 134 866
52.5 957 957 43 642 642 358 134 134 866
52.6 957 957 43 642 642 358 134 134 866
52.7 956 956 44 641 641 359 134 134 866
52.8 956 956 44 641 641 359 134 134 866
52.9 956 956 44 641 641 359 134 134 866
53 956 956 44 640 640 360 134 134 866
53.1 956 956 44 640 640 360 134 134 866
53.2 956 956 44 638 638 362 134 134 866
53.3 956 956 44 637 637 363 134 134 866
53.4 956 956 44 637 637 363 134 134 866
53.5 956 956 44 637 637 363 134 134 866
53.6 956 956 44 637 637 363 134 134 866
53.7 956 956 44 637 637 363 132 132 868
53.8 956 956 44 637 637 363 132 132 868
53.9 956 956 44 637 637 363 132 132 868
54 956 956 44 637 637 363 132 132 868
54.1 956 956 44 637 637 363 131 131 869
54.2 956 956 44 637 637 363 131 131 869
54.3 956 956 44 636 636 364 131 131 869
54.4 956 956 44 636 636 364 131 131 869
54.5 956 956 44 636 636 364 130 130 870
54.6 956 956 44 635 635 365 130 130 870
54.7 956 956 44 635 635 365 130 130 870
54.8 956 956 44 635 635 365 129 129 871
54.9 956 956 44 635 635 365 129 129 871
55 956 956 44 635 635 365 129 129 871
55.1 956 956 44 634 634 366 129 129 871
55.2 956 956 44 634 634 366 129 129 871
55.3 956 956 44 634 634 366 129 129 871
55.4 956 956 44 634 634 366 129 129 871
55.5 956 956 44 633 633 367 129 129 871
55.6 956 956 44 633 633 367 129 129 871
55.7 956 956 44 633 633 367 129 129 871
55.8 956 956 44 633 633 367 129 129 871
55.9 956 956 44 633 633 367 128 128 872
56 956 956 44 633 633 367 128 128 872
56.1 956 956 44 633 633 367 128 128 872
56.2 956 956 44 633 633 367 128 128 872
56.3 956 956 44 633 633 367 128 128 872
56.4 956 956 44 632 632 368 128 128 872
56.5 956 956 44 632 632 368 128 128 872
56.6 956 956 44 631 631 369 126 126 874
56.7 955 955 45 631 631 369 126 126 874
56.8 955 955 45 631 631 369 126 126 874
56.9 954 954 46 631 631 369 125 125 875
57 953 953 47 631 631 369 125 125 875
57.1 953 953 47 631 631 369 125 125 875
57.2 953 953 47 631 631 369 125 125 875
57.3 952 952 48 631 631 369 125 125 875
57.4 952 952 48 629 629 371 125 125 875
57.5 951 951 49 628 628 372 125 125 875
57.6 951 951 49 627 627 373 125 125 875
57.7 951 951 49 627 627 373 125 125 875
57.8 951 951 49 627 627 373 125 125 875
57.9 951 951 49 627 627 373 125 125 875
58 951 951 49 625 625 375 125 125 875
58.1 951 951 49 624 624 376 125 125 875
58.2 951 951 49 624 624 376 125 125 875
58.3 951 951 49 623 623 377 125 125 875
58.4 951 951 49 622 622 378 124 124 876
58.5 951 951 49 622 622 378 124 124 876
58.6 951 951 49 620 620 380 124 124 876
58.7 951 951 49 618 618 382 124 124 876
58.8 951 951 49 618 618 382 124 124 876
58.9 951 951 49 618 618 382 124 124 876
59 951 951 49 618 618 382 124 124 876
59.1 951 951 49 618 618 382 124 124 876
59.2 951 951 49 618 618 382 124 124 876
59.3 951 951 49 617 617 383 124 124 876
59.4 951 951 49 616 616 384 124 124 876
59.5 951 951 49 615 615 385 124 124 876
59.6 951 951 49 615 615 385 124 124 876
59.7 951 951 49 615 615 385 124 124 876
59.8 950 950 50 615 615 385 124 124 876
59.9 950 950 50 614 614 386 124 124 876
60 950 950 50 614 614 386 124 124 876
60.1 950 950 50 614 614 386 123 123 877
60.2 949 949 51 614 614 386 123 123 877
60.3 949 949 51 614 614 386 123 123 877
60.4 949 949 51 614 614 386 122 122 878
60.5 949 949 51 614 614 386 122 122 878
60.6 949 949 51 614 614 386 122 122 878
60.7 949 949 51 614 614 386 122 122 878
60.8 949 949 51 614 614 386 122 122 878
60.9 948 948 52 613 613 387 122 122 878
61 948 948 52 613 613 387 122 122 878
61.1 948 948 52 613 613 387 122 122 878
61.2 948 948 52 613 613 387 121 121 879
61.3 948 948 52 613 613 387 121 121 879
61.4 948 948 52 613 613 387 121 121 879
61.5 948 948 52 613 613 387 121 121 879
61.6 948 948 52 613 613 387 121 121 879
61.7 948 948 52 613 613 387 120 120 880
61.8 948 948 52 613 613 387 120 120 880
61.9 948 948 52 613 613 387 119 119 881
62 948 948 52 613 613 387 119 119 881
62.1 947 947 53 613 613 387 119 119 881
62.2 947 947 53 612 612 388 119 119 881
62.3 947 947 53 612 612 388 119 119 881
62.4 947 947 53 612 612 388 119 119 881
62.5 947 947 53 612 612 388 119 119 881
62.6 947 947 53 612 612 388 119 119 881
62.7 947 947 53 612 612 388 119 119 881
62.8 947 947 53 612 612 388 119 119 881
62.9 946 946 54 612 612 388 119 119 881
63 946 946 54 612 612 388 119 119 881
63.1 946 946 54 612 612 388 119 119 881
63.2 946 946 54 612 612 388 118 118 882
63.3 946 946 54 612 612 388 118 118 882
63.4 946 946 54 611 611 389 118 118 882
63.5 946 946 54 611 611 389 118 118 882
63.6 945 945 55 611 611 389 118 118 882
63.7 945 945 55 610 610 390 118 118 882
63.8 945 945 55 610 610 390 118 118 882
63.9 945 945 55 609 609 391 118 118 882
64 945 945 55 609 609 391 118 118 882
64.1 945 945 55 609 609 391 118 118 882
64.2 945 945 55 608 608 392 118 118 882
64.3 944 944 56 608 608 392 118 118 882
64.4 943 943 57 607 607 393 118 118 882
64.5 943 943 57 605 605 395 118 118 882
64.6 943 943 57 605 605 395 118 118 882
64.7 943 943 57 604 604 396 117 117 883
64.8 943 943 57 604 604 396 117 117 883
64.9 943 943 57 604 604 396 117 117 883
65 943 943 57 604 604 396 117 117 883
65.1 943 943 57 604 604 396 117 117 883
65.2 943 943 57 604 604 396 116 116 884
65.3 943 943 57 604 604 396 116 116 884
65.4 943 943 57 604 604 396 116 116 884
65.5 943 943 57 604 604 396 116 116 884
65.6 942 942 58 604 604 396 116 116 884
65.7 942 942 58 604 604 396 116 116 884
65.8 942 942 58 603 603 397 116 116 884
65.9 942 942 58 602 602 398 115 115 885
66 942 942 58 602 602 398 115 115 885
66.1 942 942 58 602 602 398 115 115 885
66.2 942 942 58 602 602 398 115 115 885
66.3 942 942 58 602 602 398 115 115 885
66.4 942 942 58 602 602 398 114 114 886
66.5 942 942 58 601 601 399 114 114 886
66.6 942 942 58 600 600 400 114 114 886
66.7 942 942 58 599 599 401 114 114 886
66.8 942 942 58 599 599 401 114 114 886
66.9 942 942 58 599 599 401 114 114 886
67 942 942 58 598 598 402 114 114 886
67.1 942 942 58 597 597 403 114 114 886
67.2 942 942 58 596 596 404 114 114 886
67.3 942 942 58 596 596 404 114 114 886
67.4 942 942 58 595 595 405 114 114 886
67.5 942 942 58 595 595 405 114 114 886
67.6 942 942 58 595 595 405 114 114 886
67.7 942 942 58 595 595 405 114 114 886
67.8 942 942 58 595 595 405 114 114 886
67.9 942 942 58 595 595 405 114 114 886
68 942 942 58 594 594 406 114 114 886
68.1 942 942 58 593 593 407 113 113 887
68.2 942 942 58 593 593 407 113 113 887
68.3 942 942 58 593 593 407 113 113 887
68.4 942 942 58 593 593 407 113 113 887
68.5 942 942 58 593 593 407 113 113 887
68.6 942 942 58 592 592 408 113 113 887
68.7 942 942 58 592 592 408 113 113 887
68.8 942 942 58 591 591 409 112 112 888
68.9 942 942 58 591 591 409 111 111 889
69 942 942 58 591 591 409 111 111 889
69.1 942 942 58 591 591 409 111 111 889
69.2 941 941 59 591 591 409 111 111 889
69.3 941 941 59 590 590 410 111 111 889
69.4 941 941 59 590 590 410 111 111 889
69.5 941 941 59 589 589 411 111 111 889
69.6 941 941 59 589 589 411 111 111 889
69.7 941 941 59 589 589 411 110 110 890
69.8 941 941 59 589 589 411 110 110 890
69.9 941 941 59 589 589 411 110 110 890
70 940 940 60 588 588 412 110 110 890
70.1 940 940 60 588 588 412 110 110 890
70.2 940 940 60 586 586 414 110 110 890
70.3 940 940 60 586 586 414 110 110 890
70.4 940 940 60 586 586 414 110 110 890
70.5 940 940 60 586 586 414 110 110 890
70.6 940 940 60 585 585 415 110 110 890
70.7 940 940 60 585 585 415 110 110 890
70.8 940 940 60 584 584 416 110 110 890
70.9 940 940 60 583 583 417 110 110 890
71 940 940 60 582 582 418 110 110 890
71.1 940 940 60 581 581 419 109 109 891
71.2 939 939 61 581 581 419 109 109 891
71.3 939 939 61 581 581 419 109 109 891
71.4 939 939 61 581 581 419 109 109 891
71.5 939 939 61 581 581 419 109 109 891
71.6 939 939 61 581 581 419 109 109 891
71.7 939 939 61 580 580 420 108 108 892
71.8 939 939 61 580 580 420 108 108 892
71.9 939 939 61 580 580 420 108 108 892
72 939 939 61 580 580 420 108 108 892
72.1 939 939 61 580 580 420 107 107 893
72.2 939 939 61 579 579 421 107 107 893
72.3 939 939 61 578 578 422 107 107 893
72.4 939 939 61 578 578 422 107 107 893
72.5 939 939 61 578 578 422 106 106 894
72.6 939 939 61 577 577 423 106 106 894
72.7 939 939 61 577 577 423 106 106 894
72.8 939 939 61 577 577 423 106 106 894
72.9 939 939 61 576 576 424 106 106 894
73 939 939 61 576 576 424 106 106 894
73.1 939 939 61 575 575 425 106 106 894
73.2 939 939 61 574 574 426 105 105 895
73.3 939 939 61 572 572 428 105 105 895
73.4 939 939 61 572 572 428 105 105 895
73.5 939 939 61 571 571 429 105 105 895
73.6 939 939 61 570 570 430 105 105 895
73.7 939 939 61 570 570 430 105 105 895
73.8 939 939 61 570 570 430 105 105 895
73.9 939 939 61 569 569 431 105 105 895
74 939 939 61 569 569 431 105 105 895
74.1 938 938 62 569 569 431 105 105 895
74.2 938 938 62 569 569 431 105 105 895
74.3 938 938 62 569 569 431 105 105 895
74.4 938 938 62 568 568 432 105 105 895
74.5 937 937 63 568 568 432 105 105 895
74.6 937 937 63 568 568 432 105 105 895
74.7 937 937 63 567 567 433 105 105 895
74.8 937 937 63 567 567 433 105 105 895
74.9 936 936 64 567 567 433 104 104 896
75 935 935 65 566 566 434 104 104 896
75.1 935 935 65 566 566 434 104 104 896
75.2 935 935 65 566 566 434 104 104 896
75.3 935 935 65 566 566 434 104 104 896
75.4 935 935 65 566 566 434 104 104 896
75.5 935 935 65 566 566 434 104 104 896
75.6 935 935 65 566 566 434 104 104 896
75.7 935 935 65 566 566 434 103 103 897
75.8 935 935 65 566 566 434 103 103 897
75.9 935 935 65 565 565 435 103 103 897
76 935 935 65 562 562 438 103 103 897
76.1 934 934 66 560 560 440 103 103 897
76.2 934 934 66 560 560 440 103 103 897
76.3 933 933 67 559 559 441 103 103 897
76.4 933 933 67 558 558 442 103 103 897
76.5 933 933 67 558 558 442 103 103 897
76.6 933 933 67 558 558 442 102 102 898
76.7 933 933 67 558 558 442 102 102 898
76.8 932 932 68 557 557 443 102 102 898
76.9 932 932 68 557 557 443 102 102 898
77 932 932 68 557 557 443 102 102 898
77.1 932 932 68 557 557 443 102 102 898
77.2 932 932 68 556 556 444 102 102 898
77.3 932 932 68 556 556 444 102 102 898
77.4 931 931 69 555 555 445 102 102 898
77.5 931 931 69 555 555 445 102 102 898
77.6 931 931 69 553 553 447 102 102 898
77.7 931 931 69 552 552 448 102 102 898
77.8 931 931 69 552 552 448 102 102 898
77.9 930 930 70 552 552 448 102 102 898
78 930 930 70 550 550 450 102 102 898
78.1 930 930 70 550 550 450 102 102 898
78.2 930 930 70 550 550 450 102 102 898
78.3 930 930 70 548 548 452 102 102 898
78.4 930 930 70 548 548 452 102 102 898
78.5 930 930 70 548 548 452 102 102 898
78.6 930 930 70 547 547 453 102 102 898
78.7 930 930 70 546 546 454 101 101 899
78.8 930 930 70 545 545 455 101 101 899
78.9 930 930 70 545 545 455 101 101 899
79 929 929 71 545 545 455 101 101 899
79.1 929 929 71 543 543 457 100 100 900
79.2 929 929 71 543 543 457 100 100 900
79.3 929 929 71 542 542 458 99 99 901
79.4 929 929 71 542 542 458 99 99 901
79.5 929 929 71 541 541 459 99 99 901
79.6 929 929 71 541 541 459 99 99 901
79.7 929 929 71 540 540 460 99 99 901
79.8 929 929 71 540 540 460 99 99 901
79.9 929 929 71 540 540 460 99 99 901
80 929 929 71 540 540 460 99 99 901
80.1 929 929 71 540 540 460 98 98 902
80.2 929 929 71 540 540 460 98 98 902
80.3 929 929 71 540 540 460 98 98 902
80.4 929 929 71 540 540 460 98 98 902
80.5 929 929 71 540 540 460 98 98 902
80.6 929 929 71 540 540 460 98 98 902
80.7 929 929 71 539 539 461 98 98 902
80.8 929 929 71 539 539 461 98 98 902
80.9 929 929 71 539 539 461 98 98 902
81 929 929 71 539 539 461 98 98 902
81.1 929 929 71 539 539 461 98 98 902
81.2 929 929 71 539 539 461 98 98 902
81.3 929 929 71 538 538 462 98 98 902
81.4 929 929 71 538 538 462 98 98 902
81.5 929 929 71 538 538 462 98 98 902
81.6 929 929 71 538 538 462 98 98 902
81.7 929 929 71 538 538 462 96 96 904
81.8 929 929 71 538 538 462 96 96 904
81.9 929 929 71 537 537 463 96 96 904
82 929 929 71 537 537 463 96 96 904
82.1 929 929 71 537 537 463 96 96 904
82.2 929 929 71 536 536 464 96 96 904
82.3 929 929 71 535 535 465 96 96 904
82.4 929 929 71 535 535 465 96 96 904
82.5 929 929 71 535 535 465 96 96 904
82.6 929 929 71 535 535 465 96 96 904
82.7 929 929 71 533 533 467 96 96 904
82.8 929 929 71 533 533 467 95 95 905
82.9 929 929 71 533 533 467 95 95 905
83 929 929 71 533 533 467 95 95 905
83.1 929 929 71 532 532 468 95 95 905
83.2 929 929 71 531 531 469 95 95 905
83.3 929 929 71 531 531 469 95 95 905
83.4 929 929 71 531 531 469 94 94 906
83.5 929 929 71 531 531 469 94 94 906
83.6 929 929 71 531 531 469 94 94 906
83.7 929 929 71 531 531 469 93 93 907
83.8 929 929 71 531 531 469 92 92 908
83.9 929 929 71 531 531 469 92 92 908
84 929 929 71 531 531 469 92 92 908
84.1 929 929 71 529 529 471 92 92 908
84.2 929 929 71 529 529 471 92 92 908
84.3 929 929 71 529 529 471 92 92 908
84.4 929 929 71 529 529 471 92 92 908
84.5 928 928 72 528 528 472 92 92 908
84.6 928 928 72 528 528 472 92 92 908
84.7 928 928 72 528 528 472 92 92 908
84.8 928 928 72 528 528 472 92 92 908
84.9 928 928 72 528 528 472 92 92 908
85 928 928 72 528 528 472 92 92 908
85.1 928 928 72 528 528 472 92 92 908
85.2 928 928 72 528 528 472 92 92 908
85.3 928 928 72 528 528 472 92 92 908
85.4 928 928 72 528 528 472 92 92 908
85.5 928 928 72 528 528 472 92 92 908
85.6 928 928 72 528 528 472 91 91 909
85.7 928 928 72 526 526 474 91 91 909
85.8 928 928 72 526 526 474 90 90 910
85.9 928 928 72 524 524 476 90 90 910
86 928 928 72 524 524 476 90 90 910
86.1 928 928 72 524 524 476 90 90 910
86.2 927 927 73 524 524 476 90 90 910
86.3 927 927 73 524 524 476 90 90 910
86.4 927 927 73 524 524 476 90 90 910
86.5 927 927 73 524 524 476 90 90 910
86.6 927 927 73 524 524 476 90 90 910
86.7 926 926 74 524 524 476 90 90 910
86.8 926 926 74 524 524 476 90 90 910
86.9 926 926 74 524 524 476 90 90 910
87 925 925 75 524 524 476 90 90 910
87.1 925 925 75 523 523 477 90 90 910
87.2 925 925 75 523 523 477 90 90 910
87.3 925 925 75 523 523 477 90 90 910
87.4 925 925 75 522 522 478 90 90 910
87.5 925 925 75 521 521 479 90 90 910
87.6 925 925 75 520 520 480 90 90 910
87.7 925 925 75 520 520 480 90 90 910
87.8 925 925 75 520 520 480 90 90 910
87.9 925 925 75 518 518 482 90 90 910
88 925 925 75 518 518 482 90 90 910
88.1 925 925 75 518 518 482 89 89 911
88.2 924 924 76 517 517 483 89 89 911
88.3 924 924 76 517 517 483 89 89 911
88.4 923 923 77 517 517 483 89 89 911
88.5 923 923 77 516 516 484 89 89 911
88.6 923 923 77 516 516 484 89 89 911
88.7 923 923 77 516 516 484 89 89 911
88.8 923 923 77 516 516 484 89 89 911
88.9 922 922 78 515 515 485 89 89 911
89 922 922 78 515 515 485 88 88 912
89.1 922 922 78 514 514 486 88 88 912
89.2 922 922 78 514 514 486 88 88 912
89.3 922 922 78 514 514 486 88 88 912
89.4 922 922 78 514 514 486 88 88 912
89.5 922 922 78 514 514 486 88 88 912
89.6 922 922 78 514 514 486 88 88 912
89.7 922 922 78 513 513 487 88 88 912
89.8 922 922 78 513 513 487 88 88 912
89.9 921 921 79 513 513 487 87 87 913
90 921 921 79 513 513 487 87 87 913
90.1 918 918 82 513 513 487 87 87 913
90.2 918 918 82 513 513 487 87 87 913
90.3 918 918 82 513 513 487 87 87 913
90.4 918 918 82 513 513 487 87 87 913
90.5 918 918 82 513 513 487 87 87 913
90.6 918 918 82 512 512 488 86 86 914
90.7 918 918 82 512 512 488 86 86 914
90.8 918 918 82 512 512 488 86 86 914
90.9 917 917 83 512 512 488 86 86 914
91 917 917 83 512 512 488 86 86 914
91.1 917 917 83 512 512 488 86 86 914
91.2 917 917 83 511 511 489 86 86 914
91.3 917 917 83 510 510 490 85 85 915
91.4 917 917 83 510 510 490 85 85 915
91.5 917 917 83 510 510 490 85 85 915
91.6 917 917 83 510 510 490 85 85 915
91.7 917 917 83 510 510 490 85 85 915
91.8 917 917 83 508 508 492 85 85 915
91.9 917 917 83 508 508 492 84 84 916
92 916 916 84 508 508 492 84 84 916
92.1 915 915 85 508 508 492 84 84 916
92.2 915 915 85 508 508 492 84 84 916
92.3 915 915 85 508 508 492 84 84 916
92.4 915 915 85 508 508 492 84 84 916
92.5 915 915 85 507 507 493 84 84 916
92.6 915 915 85 507 507 493 84 84 916
92.7 915 915 85 507 507 493 84 84 916
92.8 914 914 86 507 507 493 84 84 916
92.9 914 914 86 506 506 494 84 84 916
93 914 914 86 506 506 494 84 84 916
93.1 914 914 86 506 506 494 84 84 916
93.2 914 914 86 506 506 494 84 84 916
93.3 914 914 86 506 506 494 84 84 916
93.4 914 914 86 505 505 495 84 84 916
93.5 914 914 86 505 505 495 84 84 916
93.6 914 914 86 505 505 495 84 84 916
93.7 914 914 86 505 505 495 84 84 916
93.8 914 914 86 505 505 495 84 84 916
93.9 913 913 87 505 505 495 84 84 916
94 913 913 87 505 505 495 84 84 916
94.1 913 913 87 505 505 495 84 84 916
94.2 911 911 89 504 504 496 84 84 916
94.3 911 911 89 504 504 496 84 84 916
94.4 911 911 89 504 504 496 84 84 916
94.5 910 910 90 504 504 496 84 84 916
94.6 910 910 90 504 504 496 84 84 916
94.7 910 910 90 504 504 496 84 84 916
94.8 910 910 90 504 504 496 84 84 916
94.9 910 910 90 504 504 496 84 84 916
95 910 910 90 504 504 496 84 84 916
95.1 910 910 90 504 504 496 84 84 916
95.2 910 910 90 503 503 497 84 84 916
95.3 910 910 90 503 503 497 84 84 916
95.4 910 910 90 503 503 497 84 84 916
95.5 910 910 90 503 503 497 84 84 916
95.6 910 910 90 503 503 497 84 84 916
95.7 910 910 90 503 503 497 84 84 916
95.8 910 910 90 503 503 497 84 84 916
95.9 910 910 90 503 503 497 84 84 916
96 910 910 90 503 503 497 84 84 916
96.1 910 910 90 503 503 497 84 84 916
96.2 910 910 90 502 502 498 84 84 916
96.3 910 910 90 502 502 498 84 84 916
96.4 910 910 90 502 502 498 84 84 916
96.5 910 910 90 502 502 498 84 84 916
96.6 910 910 90 502 502 498 84 84 916
96.7 910 910 90 501 501 499 84 84 916
96.8 910 910 90 501 501 499 84 84 916
96.9 909 909 91 501 501 499 84 84 916
97 909 909 91 501 501 499 84 84 916
97.1 909 909 91 499 499 501 84 84 916
97.2 909 909 91 499 499 501 84 84 916
97.3 909 909 91 499 499 501 84 84 916
97.4 909 909 91 497 497 503 84 84 916
97.5 909 909 91 497 497 503 84 84 916
97.6 909 909 91 496 496 504 84 84 916
97.7 909 909 91 495 495 505 84 84 916
97.8 909 909 91 495 495 505 84 84 916
97.9 909 909 91 494 494 506 84 84 916
98 909 909 91 494 494 506 84 84 916
98.1 909 909 91 493 493 507 84 84 916
98.2 909 909 91 493 493 507 84 84 916
98.3 909 909 91 493 493 507 84 84 916
98.4 909 909 91 493 493 507 84 84 916
98.5 909 909 91 493 493 507 84 84 916
98.6 909 909 91 493 493 507 84 84 916
98.7 909 909 91 493 493 507 84 84 916
98.8 909 909 91 493 493 507 84 84 916
98.9 909 909 91 493 493 507 84 84 916
99 909 909 91 493 493 507 84 84 916
99.1 909 909 91 493 493 507 84 84 916
99.2 909 909 91 493 493 507 84 84 916
99.3 909 909 91 493 493 507 84 84 916
99.4 909 909 91 493 493 507 84 84 916
99.5 909 909 91 493 493 507 84 84 916
99.6 909 909 91 492 492 508 84 84 916
99.7 909 909 91 492 492 508 84 84 916
99.8 909 909 91 492 492 508 84 84 916
99.9 908 908 92 492 492 508 84 84 916
100 907 907 93 492 492 508 83 83 917
