0 2000 2000 2000 0
0.1 2000 1978 1126 448
0.2 2000 1956 1050 497
0.3 2000 1938 990 536
0.4 1998 1930 946 563
0.5 1998 1914 900 594
0.6 1998 1912 880 605
0.7 1996 1898 858 624
0.8 1992 1886 828 647
0.9 1992 1876 812 660
1 1990 1856 790 682
1.1 1990 1852 766 696
1.2 1990 1848 748 707
1.3 1990 1840 728 721
1.4 1988 1836 716 730
1.5 1988 1826 712 737
1.6 1986 1806 696 756
1.7 1986 1794 688 766
1.8 1986 1786 680 774
1.9 1984 1778 672 783
2 1982 1776 660 791
2.1 1982 1768 654 798
2.2 1982 1762 650 803
2.3 1982 1744 644 815
2.4 1982 1738 630 825
2.5 1980 1734 624 831
2.6 1980 1724 616 840
2.7 1980 1722 614 842
2.8 1980 1716 606 849
2.9 1978 1710 600 856
3 1978 1694 586 871
3.1 1978 1676 576 885
3.2 1978 1666 560 898
3.3 1978 1658 550 907
3.4 1976 1652 544 914
3.5 1976 1650 534 920
3.6 1974 1642 528 928
3.7 1974 1632 520 937
3.8 1970 1622 510 949
3.9 1970 1614 504 956
4 1968 1612 502 959
4.1 1968 1604 500 964
4.2 1966 1598 496 970
4.3 1966 1594 492 974
4.4 1964 1592 486 979
4.5 1964 1584 476 988
4.6 1962 1572 470 998
4.7 1962 1566 464 1004
4.8 1960 1552 464 1012
4.9 1958 1552 460 1015
5 1958 1550 456 1018
5.1 1958 1544 450 1024
5.2 1954 1538 446 1031
5.3 1954 1532 442 1036
5.4 1952 1530 438 1040
5.5 1952 1522 434 1046
5.6 1950 1516 432 1051
5.7 1948 1514 430 1054
5.8 1948 1508 424 1060
5.9 1948 1504 422 1063
6 1948 1500 418 1067
6.1 1948 1494 418 1070
6.2 1946 1488 416 1075
6.3 1944 1480 412 1082
6.4 1944 1472 410 1087
6.5 1942 1466 406 1093
6.6 1942 1454 404 1100
6.7 1942 1454 404 1100
6.8 1938 1448 402 1106
6.9 1938 1446 398 1109
7 1938 1440 396 1113
7.1 1938 1436 396 1115
7.2 1938 1422 392 1124
7.3 1936 1416 392 1128
7.4 1936 1412 392 1130
7.5 1936 1400 392 1136
7.6 1936 1400 388 1138
7.7 1936 1396 384 1142
7.8 1936 1390 384 1145
7.9 1936 1386 384 1147
8 1936 1382 380 1151
8.1 1936 1382 378 1152
8.2 1936 1380 376 1154
8.3 1936 1376 374 1157
8.4 1934 1374 374 1159
8.5 1934 1370 370 1163
8.6 1934 1368 370 1164
8.7 1934 1362 368 1168
8.8 1934 1360 368 1169
8.9 1934 1358 368 1170
9 1934 1354 368 1172
9.1 1934 1346 368 1176
9.2 1934 1342 362 1181
9.3 1934 1338 360 1184
9.4 1932 1338 360 1185
9.5 1932 1338 352 1189
9.6 1932 1326 350 1196
9.7 1932 1324 348 1198
9.8 1932 1322 344 1201
9.9 1932 1318 342 1204
10 1928 1318 340 1207
10.1 1926 1318 338 1209
10.2 1926 1314 338 1211
10.3 1926 1310 338 1213
10.4 1926 1304 336 1217
10.5 1926 1302 334 1219
10.6 1924 1298 334 1222
10.7 1924 1296 332 1224
10.8 1924 1290 332 1227
10.9 1924 1284 328 1232
11 1924 1278 328 1235
11.1 1924 1274 322 1240
11.2 1924 1272 322 1241
11.3 1922 1270 320 1244
11.4 1922 1266 318 1247
11.5 1922 1264 318 1248
11.6 1922 1252 314 1256
11.7 1922 1250 312 1258
11.8 1922 1244 312 1261
11.9 1922 1242 310 1263
12 1922 1240 308 1265
12.1 1920 1234 308 1269
12.2 1920 1228 306 1273
12.3 1918 1228 304 1275
12.4 1912 1222 304 1281
12.5 1912 1220 302 1283
12.6 1912 1212 300 1288
12.7 1912 1210 300 1289
12.8 1912 1208 300 1290
12.9 1908 1204 298 1295
13 1906 1200 298 1298
13.1 1904 1198 294 1302
13.2 1904 1192 294 1305
13.3 1904 1184 294 1309
13.4 1902 1184 294 1310
13.5 1902 1178 290 1315
13.6 1902 1174 290 1317
13.7 1902 1168 282 1324
13.8 1902 1162 276 1330
13.9 1902 1162 272 1332
14 1898 1156 270 1338
14.1 1898 1156 270 1338
14.2 1896 1150 268 1343
14.3 1894 1146 266 1347
14.4 1894 1146 264 1348
14.5 1894 1144 262 1350
14.6 1894 1144 262 1350
14.7 1892 1136 262 1355
14.8 1890 1130 260 1360
14.9 1890 1128 260 1361
15 1886 1126 260 1364
15.1 1886 1122 260 1366
15.2 1884 1118 260 1369
15.3 1882 1118 258 1371
15.4 1882 1116 258 1372
15.5 1882 1112 254 1376
15.6 1882 1110 252 1378
15.7 1882 1110 250 1379
15.8 1882 1108 246 1382
15.9 1882 1098 244 1388
16 1882 1096 242 1390
16.1 1882 1094 238 1393
16.2 1882 1090 236 1396
16.3 1882 1086 236 1398
16.4 1880 1084 232 1402
16.5 1880 1078 232 1405
16.6 1880 1076 230 1407
16.7 1880 1074 230 1408
16.8 1878 1072 228 1411
16.9 1878 1070 228 1412
17 1878 1070 228 1412
17.1 1878 1070 228 1412
17.2 1878 1066 222 1417
17.3 1878 1060 222 1420
17.4 1874 1060 222 1422
17.5 1872 1058 222 1424
17.6 1872 1056 220 1426
17.7 1872 1054 220 1427
17.8 1870 1052 220 1429
17.9 1870 1050 220 1430
18 1870 1050 218 1431
18.1 1870 1044 218 1434
18.2 1870 1038 218 1437
18.3 1870 1032 218 1440
18.4 1868 1030 218 1442
18.5 1866 1030 216 1444
18.6 1866 1022 212 1450
18.7 1866 1020 212 1451
18.8 1866 1018 212 1452
18.9 1866 1016 212 1453
19 1866 1014 212 1454
19.1 1862 1014 210 1457
19.2 1862 1012 210 1458
19.3 1862 1010 208 1460
19.4 1862 1010 208 1460
19.5 1862 1006 208 1462
19.6 1862 1002 204 1466
19.7 1860 1000 200 1470
19.8 1860 998 198 1472
19.9 1858 998 196 1474
20 1856 998 192 1477
20.1 1856 994 192 1479
20.2 1856 994 190 1480
20.3 1856 994 190 1480
20.4 1856 994 190 1480
20.5 1856 990 190 1482
20.6 1856 986 188 1485
20.7 1856 986 186 1486
20.8 1856 986 186 1486
20.9 1856 986 186 1486
21 1854 986 186 1487
21.1 1854 984 186 1488
21.2 1854 984 186 1488
21.3 1852 982 186 1490
21.4 1852 982 182 1492
21.5 1850 982 180 1494
21.6 1848 978 180 1497
21.7 1848 974 180 1499
21.8 1848 974 180 1499
21.9 1848 974 180 1499
22 1848 968 180 1502
22.1 1846 960 178 1508
22.2 1846 954 178 1511
22.3 1846 950 178 1513
22.4 1846 950 176 1514
22.5 1846 950 176 1514
22.6 1846 948 174 1516
22.7 1846 948 174 1516
22.8 1846 948 174 1516
22.9 1844 948 174 1517
23 1844 946 174 1518
23.1 1842 944 170 1522
23.2 1842 940 168 1525
23.3 1842 938 168 1526
23.4 1842 938 168 1526
23.5 1840 938 168 1527
23.6 1838 938 166 1529
23.7 1834 938 166 1531
23.8 1830 934 166 1535
23.9 1830 934 166 1535
24 1826 930 164 1540
24.1 1824 930 164 1541
24.2 1824 928 164 1542
24.3 1822 926 164 1544
24.4 1822 926 164 1544
24.5 1822 924 164 1545
24.6 1818 924 164 1547
24.7 1818 924 164 1547
24.8 1818 920 164 1549
24.9 1818 918 164 1550
25 1818 918 164 1550
25.1 1818 918 164 1550
25.2 1818 916 164 1551
25.3 1816 914 164 1553
25.4 1816 914 164 1553
25.5 1814 914 162 1555
25.6 1814 912 162 1556
25.7 1814 908 162 1558
25.8 1814 906 162 1559
25.9 1814 902 162 1561
26 1812 902 162 1562
26.1 1812 902 162 1562
26.2 1808 900 162 1565
26.3 1808 900 162 1565
26.4 1808 894 162 1568
26.5 1808 892 160 1570
26.6 1806 890 158 1573
26.7 1804 890 158 1574
26.8 1804 890 158 1574
26.9 1804 888 158 1575
27 1804 884 156 1578
27.1 1804 882 156 1579
27.2 1804 878 156 1581
27.3 1804 878 156 1581
27.4 1802 876 156 1583
27.5 1802 874 156 1584
27.6 1802 874 156 1584
27.7 1802 872 156 1585
27.8 1802 872 156 1585
27.9 1800 868 154 1589
28 1800 864 154 1591
28.1 1800 862 154 1592
28.2 1800 858 154 1594
28.3 1800 858 154 1594
28.4 1798 858 154 1595
28.5 1798 856 154 1596
28.6 1796 856 154 1597
28.7 1796 856 154 1597
28.8 1796 854 154 1598
28.9 1796 852 154 1599
29 1796 850 152 1601
29.1 1796 850 152 1601
29.2 1796 848 152 1602
29.3 1796 846 152 1603
29.4 1796 840 150 1607
29.5 1796 840 150 1607
29.6 1796 838 150 1608
29.7 1794 838 148 1610
29.8 1794 838 148 1610
29.9 1792 838 148 1611
30 1792 836 146 1613
30.1 1788 834 146 1616
30.2 1788 834 146 1616
30.3 1788 832 146 1617
30.4 1788 830 146 1618
30.5 1788 826 146 1620
30.6 1788 824 146 1621
30.7 1788 822 146 1622
30.8 1786 820 146 1624
30.9 1786 818 144 1626
31 1784 818 144 1627
31.1 1782 816 144 1629
31.2 1782 814 142 1631
31.3 1780 810 142 1634
31.4 1780 810 140 1635
31.5 1780 810 140 1635
31.6 1778 808 140 1637
31.7 1778 806 140 1638
31.8 1778 802 140 1640
31.9 1778 800 140 1641
32 1778 796 140 1643
32.1 1778 794 140 1644
32.2 1778 792 140 1645
32.3 1776 792 140 1646
32.4 1776 790 140 1647
32.5 1776 790 140 1647
32.6 1776 790 140 1647
32.7 1776 788 140 1648
32.8 1776 788 140 1648
32.9 1774 786 140 1650
33 1768 786 140 1653
33.1 1766 784 140 1655
33.2 1766 782 138 1657
33.3 1766 782 138 1657
33.4 1764 780 138 1659
33.5 1762 778 136 1662
33.6 1760 774 136 1665
33.7 1760 774 136 1665
33.8 1760 772 136 1666
33.9 1758 772 136 1667
34 1758 772 136 1667
34.1 1758 770 136 1668
34.2 1758 770 136 1668
34.3 1756 770 136 1669
34.4 1756 762 136 1673
34.5 1756 760 136 1674
34.6 1756 760 136 1674
34.7 1754 760 136 1675
34.8 1754 756 136 1677
34.9 1752 754 136 1679
35 1750 752 136 1681
35.1 1750 748 136 1683
35.2 1750 746 136 1684
35.3 1750 744 136 1685
35.4 1750 744 134 1686
35.5 1748 744 134 1687
35.6 1746 742 134 1689
35.7 1746 742 134 1689
35.8 1744 740 134 1691
35.9 1744 738 134 1692
36 1742 738 134 1693
36.1 1742 734 134 1695
36.2 1742 734 134 1695
36.3 1740 734 134 1696
36.4 1740 734 134 1696
36.5 1738 734 134 1697
36.6 1738 732 134 1698
36.7 1736 732 134 1699
36.8 1736 732 134 1699
36.9 1736 732 134 1699
37 1734 732 134 1700
37.1 1734 732 134 1700
37.2 1734 732 134 1700
37.3 1734 730 134 1701
37.4 1734 730 134 1701
37.5 1734 730 134 1701
37.6 1734 730 134 1701
37.7 1734 726 134 1703
37.8 1732 726 134 1704
37.9 1732 720 134 1707
38 1732 718 134 1708
38.1 1732 718 134 1708
38.2 1730 718 134 1709
38.3 1730 718 132 1710
38.4 1730 718 132 1710
38.5 1730 718 132 1710
38.6 1730 716 132 1711
38.7 1730 716 132 1711
38.8 1728 714 132 1713
38.9 1726 714 132 1714
39 1726 714 132 1714
39.1 1726 714 132 1714
39.2 1724 712 132 1716
39.3 1722 712 132 1717
39.4 1720 710 130 1720
39.5 1718 710 130 1721
39.6 1718 710 130 1721
39.7 1718 710 130 1721
39.8 1718 710 130 1721
39.9 1716 708 130 1723
40 1716 708 130 1723
40.1 1716 708 130 1723
40.2 1716 708 128 1724
40.3 1716 704 126 1727
40.4 1714 700 126 1730
40.5 1714 700 126 1730
40.6 1714 700 126 1730
40.7 1714 700 126 1730
40.8 1714 698 126 1731
40.9 1714 698 124 1732
41 1712 696 124 1734
41.1 1712 692 124 1736
41.2 1710 688 122 1740
41.3 1710 686 122 1741
41.4 1706 684 122 1744
41.5 1706 684 122 1744
41.6 1706 684 122 1744
41.7 1706 682 122 1745
41.8 1706 682 122 1745
41.9 1706 682 122 1745
42 1706 682 122 1745
42.1 1706 682 122 1745
42.2 1706 680 122 1746
42.3 1706 680 122 1746
42.4 1706 674 122 1749
42.5 1706 672 122 1750
42.6 1706 672 122 1750
42.7 1706 672 122 1750
42.8 1704 670 122 1752
42.9 1704 668 122 1753
43 1704 668 122 1753
43.1 1704 666 122 1754
43.2 1704 666 122 1754
43.3 1704 666 120 1755
43.4 1704 666 120 1755
43.5 1704 664 120 1756
43.6 1704 664 120 1756
43.7 1702 664 120 1757
43.8 1702 662 120 1758
43.9 1702 662 120 1758
44 1702 660 120 1759
44.1 1702 660 120 1759
44.2 1702 658 120 1760
44.3 1702 656 120 1761
44.4 1702 656 120 1761
44.5 1702 656 120 1761
44.6 1702 656 120 1761
44.7 1702 654 120 1762
44.8 1702 654 120 1762
44.9 1702 652 120 1763
45 1700 652 120 1764
45.1 1700 652 120 1764
45.2 1698 652 120 1765
45.3 1696 652 120 1766
45.4 1696 652 120 1766
45.5 1696 652 118 1767
45.6 1696 650 118 1768
45.7 1696 650 118 1768
45.8 1696 650 118 1768
45.9 1696 648 116 1770
46 1692 648 116 1772
46.1 1692 646 116 1773
46.2 1690 646 116 1774
46.3 1690 646 116 1774
46.4 1690 646 116 1774
46.5 1690 642 116 1776
46.6 1690 642 116 1776
46.7 1690 642 116 1776
46.8 1690 642 116 1776
46.9 1690 642 114 1777
47 1690 640 114 1778
47.1 1690 638 114 1779
47.2 1690 636 112 1781
47.3 1690 634 112 1782
47.4 1690 634 112 1782
47.5 1690 632 112 1783
47.6 1688 632 112 1784
47.7 1688 632 112 1784
47.8 1688 630 112 1785
47.9 1688 630 112 1785
48 1688 630 112 1785
48.1 1688 628 112 1786
48.2 1688 628 112 1786
48.3 1688 628 112 1786
48.4 1688 626 112 1787
48.5 1688 626 112 1787
48.6 1688 626 112 1787
48.7 1688 626 112 1787
48.8 1684 626 112 1789
48.9 1684 624 112 1790
49 1684 624 112 1790
49.1 1680 622 112 1793
49.2 1680 622 110 1794
49.3 1680 620 110 1795
49.4 1680 618 110 1796
49.5 1680 614 110 1798
49.6 1678 614 110 1799
49.7 1676 610 110 1802
49.8 1676 606 110 1804
49.9 1676 606 110 1804
50 1676 604 108 1806
50.1 1676 604 108 1806
50.2 1676 602 108 1807
50.3 1676 602 108 1807
50.4 1674 602 108 1808
50.5 1674 600 108 1809
50.6 1674 600 108 1809
50.7 1674 600 108 1809
50.8 1674 598 108 1810
50.9 1674 598 108 1810
51 1674 598 108 1810
51.1 1674 598 108 1810
51.2 1672 598 108 1811
51.3 1672 598 108 1811
51.4 1672 598 108 1811
51.5 1670 598 108 1812
51.6 1670 596 108 1813
51.7 1670 596 108 1813
51.8 1668 596 108 1814
51.9 1668 594 108 1815
52 1666 594 108 1816
52.1 1666 594 108 1816
52.2 1666 594 108 1816
52.3 1664 594 108 1817
52.4 1664 594 108 1817
52.5 1662 594 108 1818
52.6 1662 594 108 1818
52.7 1662 594 108 1818
52.8 1662 594 108 1818
52.9 1662 594 108 1818
53 1662 594 108 1818
53.1 1660 592 108 1820
53.2 1660 592 108 1820
53.3 1660 592 108 1820
53.4 1660 592 106 1821
53.5 1660 592 106 1821
53.6 1658 592 106 1822
53.7 1658 590 106 1823
53.8 1658 590 106 1823
53.9 1656 588 106 1825
54 1656 586 106 1826
54.1 1654 586 106 1827
54.2 1652 586 106 1828
54.3 1652 582 106 1830
54.4 1652 582 106 1830
54.5 1650 582 106 1831
54.6 1650 580 106 1832
54.7 1648 576 106 1835
54.8 1648 574 106 1836
54.9 1648 574 106 1836
55 1648 574 106 1836
55.1 1648 572 106 1837
55.2 1648 572 106 1837
55.3 1648 572 106 1837
55.4 1646 572 106 1838
55.5 1644 570 106 1840
55.6 1644 570 106 1840
55.7 1644 568 106 1841
55.8 1644 568 106 1841
55.9 1642 566 106 1843
56 1642 566 106 1843
56.1 1642 566 106 1843
56.2 1642 566 106 1843
56.3 1642 564 106 1844
56.4 1642 560 106 1846
56.5 1640 560 106 1847
56.6 1640 560 106 1847
56.7 1638 558 106 1849
56.8 1638 558 106 1849
56.9 1638 556 106 1850
57 1638 554 106 1851
57.1 1636 552 104 1854
57.2 1632 552 104 1856
57.3 1632 552 102 1857
57.4 1632 550 102 1858
57.5 1632 550 102 1858
57.6 1632 550 102 1858
57.7 1630 550 102 1859
57.8 1630 550 102 1859
57.9 1630 550 102 1859
58 1630 548 102 1860
58.1 1630 548 100 1861
58.2 1628 546 100 1863
58.3 1628 546 100 1863
58.4 1628 546 100 1863
58.5 1628 546 100 1863
58.6 1626 544 100 1865
58.7 1626 542 100 1866
58.8 1624 542 98 1868
58.9 1624 538 98 1870
59 1624 538 98 1870
59.1 1622 538 98 1871
59.2 1622 538 98 1871
59.3 1622 536 98 1872
59.4 1622 536 98 1872
59.5 1622 536 98 1872
59.6 1622 536 98 1872
59.7 1620 534 98 1874
59.8 1620 534 98 1874
59.9 1620 534 98 1874
60 1620 534 98 1874
60.1 1620 534 96 1875
60.2 1620 530 96 1877
60.3 1618 528 96 1879
60.4 1618 528 96 1879
60.5 1618 526 96 1880
60.6 1618 526 94 1881
60.7 1618 524 94 1882
60.8 1616 522 94 1884
60.9 1614 520 94 1886
61 1614 520 94 1886
61.1 1614 520 94 1886
61.2 1612 520 94 1887
61.3 1610 518 94 1889
61.4 1608 518 94 1890
61.5 1608 518 94 1890
61.6 1608 514 92 1893
61.7 1608 512 92 1894
61.8 1608 512 92 1894
61.9 1608 508 92 1896
62 1604 508 92 1898
62.1 1604 508 90 1899
62.2 1604 508 90 1899
62.3 1604 508 90 1899
62.4 1604 508 90 1899
62.5 1604 508 90 1899
62.6 1604 506 90 1900
62.7 1604 506 88 1901
62.8 1602 506 88 1902
62.9 1602 506 88 1902
63 1602 504 88 1903
63.1 1602 504 88 1903
63.2 1600 504 88 1904
63.3 1600 504 88 1904
63.4 1600 504 88 1904
63.5 1600 504 88 1904
63.6 1600 504 88 1904
63.7 1600 504 88 1904
63.8 1600 504 86 1905
63.9 1600 504 80 1908
64 1600 504 80 1908
64.1 1600 504 80 1908
64.2 1600 504 80 1908
64.3 1600 504 80 1908
64.4 1600 504 80 1908
64.5 1600 504 80 1908
64.6 1600 502 80 1909
64.7 1600 502 80 1909
64.8 1600 498 80 1911
64.9 1598 498 80 1912
65 1598 496 80 1913
65.1 1596 494 80 1915
65.2 1596 494 80 1915
65.3 1594 490 80 1918
65.4 1594 486 80 1920
65.5 1594 484 80 1921
65.6 1594 484 80 1921
65.7 1594 484 80 1921
65.8 1592 484 80 1922
65.9 1592 484 80 1922
66 1592 484 80 1922
66.1 1590 484 80 1923
66.2 1590 482 80 1924
66.3 1588 482 80 1925
66.4 1586 482 80 1926
66.5 1586 480 80 1927
66.6 1584 480 80 1928
66.7 1582 478 80 1930
66.8 1582 478 80 1930
66.9 1582 478 80 1930
67 1582 476 80 1931
67.1 1582 476 80 1931
67.2 1582 476 80 1931
67.3 1582 476 80 1931
67.4 1576 476 78 1935
67.5 1576 476 78 1935
67.6 1576 476 78 1935
67.7 1574 476 78 1936
67.8 1574 476 78 1936
67.9 1574 476 78 1936
68 1574 476 78 1936
68.1 1574 476 78 1936
68.2 1574 476 78 1936
68.3 1570 476 78 1938
68.4 1570 476 78 1938
68.5 1570 476 78 1938
68.6 1570 476 78 1938
68.7 1570 476 78 1938
68.8 1570 476 78 1938
68.9 1570 476 78 1938
69 1570 476 78 1938
69.1 1570 474 78 1939
69.2 1570 472 78 1940
69.3 1570 472 78 1940
69.4 1570 472 76 1941
69.5 1570 472 76 1941
69.6 1570 472 76 1941
69.7 1568 472 76 1942
69.8 1568 470 76 1943
69.9 1568 468 76 1944
70 1568 466 76 1945
70.1 1568 466 76 1945
70.2 1568 466 76 1945
70.3 1568 466 76 1945
70.4 1568 466 76 1945
70.5 1564 466 76 1947
70.6 1562 466 74 1949
70.7 1562 466 74 1949
70.8 1562 466 74 1949
70.9 1560 466 74 1950
71 1560 464 74 1951
71.1 1560 464 74 1951
71.2 1560 464 74 1951
71.3 1560 464 74 1951
71.4 1560 464 74 1951
71.5 1558 464 74 1952
71.6 1558 464 74 1952
71.7 1558 464 74 1952
71.8 1558 462 74 1953
71.9 1556 462 74 1954
72 1556 460 74 1955
72.1 1556 460 74 1955
72.2 1552 456 74 1959
72.3 1552 454 74 1960
72.4 1552 454 74 1960
72.5 1552 454 74 1960
72.6 1552 454 74 1960
72.7 1552 450 74 1962
72.8 1552 450 74 1962
72.9 1552 450 74 1962
73 1548 450 74 1964
73.1 1548 450 74 1964
73.2 1548 450 74 1964
73.3 1546 450 74 1965
73.4 1546 450 74 1965
73.5 1544 450 74 1966
73.6 1544 450 74 1966
73.7 1544 450 74 1966
73.8 1542 450 74 1967
73.9 1540 448 74 1969
74 1538 448 74 1970
74.1 1536 448 74 1971
74.2 1536 448 74 1971
74.3 1534 448 74 1972
74.4 1534 448 74 1972
74.5 1534 446 74 1973
74.6 1534 444 74 1974
74.7 1534 444 74 1974
74.8 1532 444 72 1976
74.9 1532 442 72 1977
75 1532 442 72 1977
75.1 1532 438 72 1979
75.2 1530 438 72 1980
75.3 1530 438 72 1980
75.4 1528 436 72 1982
75.5 1528 434 72 1983
75.6 1528 434 72 1983
75.7 1526 434 72 1984
75.8 1526 434 72 1984
75.9 1526 434 72 1984
76 1526 434 72 1984
76.1 1526 432 72 1985
76.2 1524 432 72 1986
76.3 1524 432 72 1986
76.4 1524 432 72 1986
76.5 1522 432 72 1987
76.6 1522 430 72 1988
76.7 1522 430 72 1988
76.8 1520 430 72 1989
76.9 1516 430 72 1991
77 1516 430 72 1991
77.1 1516 430 72 1991
77.2 1516 430 72 1991
77.3 1516 430 72 1991
77.4 1516 430 72 1991
77.5 1516 430 72 1991
77.6 1516 428 72 1992
77.7 1516 428 72 1992
77.8 1516 428 72 1992
77.9 1516 428 72 1992
78 1516 424 72 1994
78.1 1516 424 72 1994
78.2 1516 424 72 1994
78.3 1516 424 72 1994
78.4 1516 424 72 1994
78.5 1516 424 72 1994
78.6 1516 424 72 1994
78.7 1516 424 72 1994
78.8 1516 424 72 1994
78.9 1516 424 72 1994
79 1512 424 72 1996
79.1 1510 424 72 1997
79.2 1508 424 72 1998
79.3 1508 424 72 1998
79.4 1508 424 72 1998
79.5 1506 424 72 1999
79.6 1506 422 72 2000
79.7 1504 420 72 2002
79.8 1502 420 72 2003
79.9 1502 420 72 2003
80 1502 420 72 2003
80.1 1502 418 72 2004
80.2 1502 416 72 2005
80.3 1502 416 72 2005
80.4 1502 414 72 2006
80.5 1502 412 72 2007
80.6 1502 412 72 2007
80.7 1502 412 72 2007
80.8 1502 410 72 2008
80.9 1502 408 72 2009
81 1502 408 72 2009
81.1 1502 408 72 2009
81.2 1502 408 72 2009
81.3 1502 408 72 2009
81.4 1502 408 72 2009
81.5 1500 408 72 2010
81.6 1498 406 72 2012
81.7 1498 406 72 2012
81.8 1496 406 72 2013
81.9 1496 406 72 2013
82 1496 406 72 2013
82.1 1496 406 72 2013
82.2 1496 406 72 2013
82.3 1496 406 72 2013
82.4 1496 404 72 2014
82.5 1494 404 72 2015
82.6 1494 404 72 2015
82.7 1492 404 72 2016
82.8 1492 404 72 2016
82.9 1492 404 72 2016
83 1492 404 72 2016
83.1 1492 404 70 2017
83.2 1492 404 70 2017
83.3 1492 404 70 2017
83.4 1492 402 70 2018
83.5 1492 402 70 2018
83.6 1492 402 70 2018
83.7 1492 402 70 2018
83.8 1492 402 70 2018
83.9 1492 402 70 2018
84 1490 402 70 2019
84.1 1490 402 70 2019
84.2 1490 402 70 2019
84.3 1490 402 70 2019
84.4 1488 402 70 2020
84.5 1488 402 70 2020
84.6 1488 402 70 2020
84.7 1488 400 70 2021
84.8 1488 400 70 2021
84.9 1486 400 70 2022
85 1486 400 70 2022
85.1 1486 400 70 2022
85.2 1486 400 70 2022
85.3 1486 398 70 2023
85.4 1486 398 70 2023
85.5 1486 398 70 2023
85.6 1486 398 70 2023
85.7 1486 398 68 2024
85.8 1486 398 68 2024
85.9 1486 398 68 2024
86 1486 398 68 2024
86.1 1484 398 68 2025
86.2 1482 398 68 2026
86.3 1482 396 68 2027
86.4 1482 396 68 2027
86.5 1482 396 68 2027
86.6 1482 392 68 2029
86.7 1482 392 68 2029
86.8 1480 390 68 2031
86.9 1480 388 68 2032
87 1480 388 68 2032
87.1 1480 388 68 2032
87.2 1480 386 68 2033
87.3 1480 386 68 2033
87.4 1480 384 68 2034
87.5 1478 382 68 2036
87.6 1478 382 68 2036
87.7 1478 382 68 2036
87.8 1478 382 68 2036
87.9 1478 380 68 2037
88 1478 380 66 2038
88.1 1478 380 66 2038
88.2 1478 380 66 2038
88.3 1478 380 66 2038
88.4 1478 380 66 2038
88.5 1478 380 66 2038
88.6 1478 380 66 2038
88.7 1478 380 66 2038
88.8 1478 374 66 2041
88.9 1478 374 66 2041
89 1478 374 66 2041
89.1 1478 374 66 2041
89.2 1478 374 66 2041
89.3 1478 374 66 2041
89.4 1478 374 66 2041
89.5 1478 374 66 2041
89.6 1478 372 66 2042
89.7 1476 372 66 2043
89.8 1476 372 66 2043
89.9 1476 372 66 2043
90 1476 372 66 2043
90.1 1476 372 66 2043
90.2 1476 372 66 2043
90.3 1474 372 66 2044
90.4 1474 370 66 2045
90.5 1474 370 66 2045
90.6 1472 370 66 2046
90.7 1472 370 66 2046
90.8 1472 370 66 2046
90.9 1472 368 66 2047
91 1470 368 66 2048
91.1 1470 368 66 2048
91.2 1468 368 66 2049
91.3 1468 368 66 2049
91.4 1468 368 66 2049
91.5 1464 368 66 2051
91.6 1464 368 66 2051
91.7 1464 368 66 2051
91.8 1464 368 66 2051
91.9 1464 368 66 2051
92 1464 368 66 2051
92.1 1464 368 66 2051
92.2 1462 368 66 2052
92.3 1462 368 66 2052
92.4 1462 368 66 2052
92.5 1462 368 66 2052
92.6 1462 368 66 2052
92.7 1460 368 66 2053
92.8 1458 368 66 2054
92.9 1458 368 66 2054
93 1458 368 66 2054
93.1 1458 368 66 2054
93.2 1458 368 66 2054
93.3 1458 368 66 2054
93.4 1458 368 66 2054
93.5 1456 368 66 2055
93.6 1456 368 66 2055
93.7 1454 368 66 2056
93.8 1454 368 66 2056
93.9 1454 368 66 2056
94 1454 368 66 2056
94.1 1454 368 66 2056
94.2 1454 368 66 2056
94.3 1454 368 66 2056
94.4 1452 366 66 2058
94.5 1452 366 66 2058
94.6 1452 364 66 2059
94.7 1450 364 66 2060
94.8 1450 364 66 2060
94.9 1450 364 66 2060
95 1448 364 66 2061
95.1 1444 364 66 2063
95.2 1444 364 66 2063
95.3 1444 364 66 2063
95.4 1444 362 66 2064
95.5 1444 362 66 2064
95.6 1442 362 66 2065
95.7 1438 362 66 2067
95.8 1436 362 66 2068
95.9 1434 362 66 2069
96 1432 362 66 2070
96.1 1432 362 66 2070
96.2 1432 362 66 2070
96.3 1432 362 66 2070
96.4 1432 362 66 2070
96.5 1432 360 66 2071
96.6 1432 360 66 2071
96.7 1430 360 66 2072
96.8 1430 360 66 2072
96.9 1430 360 66 2072
97 1430 360 66 2072
97.1 1430 360 66 2072
97.2 1428 360 66 2073
97.3 1428 360 66 2073
97.4 1426 360 66 2074
97.5 1426 360 66 2074
97.6 1424 360 66 2075
97.7 1424 360 66 2075
97.8 1422 360 66 2076
97.9 1422 360 66 2076
98 1422 360 66 2076
98.1 1422 360 66 2076
98.2 1422 358 66 2077
98.3 1422 354 66 2079
98.4 1422 352 66 2080
98.5 1422 352 66 2080
98.6 1420 352 66 2081
98.7 1418 352 66 2082
98.8 1414 352 66 2084
98.9 1414 352 66 2084
99 1414 352 66 2084
99.1 1414 352 66 2084
99.2 1414 352 66 2084
99.3 1414 352 66 2084
99.4 1414 350 66 2085
99.5 1414 350 66 2085
99.6 1414 350 66 2085
99.7 1414 350 66 2085
99.8 1414 350 66 2085
99.9 1414 350 66 2085
100 1414 350 66 2085
