# Smoldyn surface data file automatically generated by wrl2smol
# input file: spheretop.wrl spherebot.wrl
# output file: sphere.txt

max_panels tri 480

panel tri  0 0 10  1.9509 0 9.80785  1.8024 0.746578 9.80785  tri1
panel tri  0 0 10  1.8024 -0.746578 9.80785  1.9509 0 9.80785  tri2
panel tri  0 0 10  1.8024 0.746578 9.80785  1.3795 1.3795 9.80785  tri3
panel tri  0 0 10  1.3795 1.3795 9.80785  0.746578 1.8024 9.80785  tri4
panel tri  0 0 10  0.746578 1.8024 9.80785  0 1.9509 9.80785  tri5
panel tri  0 0 10  0 1.9509 9.80785  -0.746578 1.8024 9.80785  tri6
panel tri  0 0 10  -0.746578 1.8024 9.80785  -1.3795 1.3795 9.80785  tri7
panel tri  0 0 10  -1.3795 1.3795 9.80785  -1.8024 0.746578 9.80785  tri8
panel tri  0 0 10  -1.8024 0.746578 9.80785  -1.9509 0 9.80785  tri9
panel tri  0 0 10  -1.9509 0 9.80785  -1.8024 -0.746578 9.80785  tri10
panel tri  0 0 10  -1.8024 -0.746578 9.80785  -1.3795 -1.3795 9.80785  tri11
panel tri  0 0 10  -1.3795 -1.3795 9.80785  -0.746578 -1.8024 9.80785  tri12
panel tri  0 0 10  -0.746578 -1.8024 9.80785  0 -1.9509 9.80785  tri13
panel tri  0 0 10  0 -1.9509 9.80785  0.746578 -1.8024 9.80785  tri14
panel tri  0 0 10  0.746578 -1.8024 9.80785  1.3795 -1.3795 9.80785  tri15
panel tri  0 0 10  1.3795 -1.3795 9.80785  1.8024 -0.746578 9.80785  tri16
panel tri  1.9509 0 9.80785  3.53553 1.46447 9.2388  1.8024 0.746578 9.80785  tri17
panel tri  1.9509 0 9.80785  1.8024 -0.746578 9.80785  3.82683 0 9.2388  tri18
panel tri  1.9509 0 9.80785  3.82683 0 9.2388  3.53553 1.46447 9.2388  tri19
panel tri  1.8024 0.746578 9.80785  2.70598 2.70598 9.2388  1.3795 1.3795 9.80785  tri20
panel tri  1.8024 0.746578 9.80785  3.53553 1.46447 9.2388  2.70598 2.70598 9.2388  tri21
panel tri  1.3795 1.3795 9.80785  1.46447 3.53553 9.2388  0.746578 1.8024 9.80785  tri22
panel tri  1.3795 1.3795 9.80785  2.70598 2.70598 9.2388  1.46447 3.53553 9.2388  tri23
panel tri  0.746578 1.8024 9.80785  0 3.82683 9.2388  0 1.9509 9.80785  tri24
panel tri  0.746578 1.8024 9.80785  1.46447 3.53553 9.2388  0 3.82683 9.2388  tri25
panel tri  0 1.9509 9.80785  0 3.82683 9.2388  -0.746578 1.8024 9.80785  tri26
panel tri  -0.746578 1.8024 9.80785  -2.70598 2.70598 9.2388  -1.3795 1.3795 9.80785  tri27
panel tri  -0.746578 1.8024 9.80785  0 3.82683 9.2388  -1.46447 3.53553 9.2388  tri28
panel tri  -0.746578 1.8024 9.80785  -1.46447 3.53553 9.2388  -2.70598 2.70598 9.2388  tri29
panel tri  -1.3795 1.3795 9.80785  -2.70598 2.70598 9.2388  -1.8024 0.746578 9.80785  tri30
panel tri  -1.8024 0.746578 9.80785  -3.82683 0 9.2388  -1.9509 0 9.80785  tri31
panel tri  -1.8024 0.746578 9.80785  -2.70598 2.70598 9.2388  -3.53553 1.46447 9.2388  tri32
panel tri  -1.8024 0.746578 9.80785  -3.53553 1.46447 9.2388  -3.82683 0 9.2388  tri33
panel tri  -1.9509 0 9.80785  -3.53553 -1.46447 9.2388  -1.8024 -0.746578 9.80785  tri34
panel tri  -1.9509 0 9.80785  -3.82683 0 9.2388  -3.53553 -1.46447 9.2388  tri35
panel tri  -1.8024 -0.746578 9.80785  -2.70598 -2.70598 9.2388  -1.3795 -1.3795 9.80785  tri36
panel tri  -1.8024 -0.746578 9.80785  -3.53553 -1.46447 9.2388  -2.70598 -2.70598 9.2388  tri37
panel tri  -1.3795 -1.3795 9.80785  -1.46447 -3.53553 9.2388  -0.746578 -1.8024 9.80785  tri38
panel tri  -1.3795 -1.3795 9.80785  -2.70598 -2.70598 9.2388  -1.46447 -3.53553 9.2388  tri39
panel tri  -0.746578 -1.8024 9.80785  0 -3.82683 9.2388  0 -1.9509 9.80785  tri40
panel tri  -0.746578 -1.8024 9.80785  -1.46447 -3.53553 9.2388  0 -3.82683 9.2388  tri41
panel tri  0 -1.9509 9.80785  0 -3.82683 9.2388  0.746578 -1.8024 9.80785  tri42
panel tri  0.746578 -1.8024 9.80785  2.70598 -2.70598 9.2388  1.3795 -1.3795 9.80785  tri43
panel tri  0.746578 -1.8024 9.80785  0 -3.82683 9.2388  1.46447 -3.53553 9.2388  tri44
panel tri  0.746578 -1.8024 9.80785  1.46447 -3.53553 9.2388  2.70598 -2.70598 9.2388  tri45
panel tri  1.3795 -1.3795 9.80785  3.53553 -1.46447 9.2388  1.8024 -0.746578 9.80785  tri46
panel tri  1.3795 -1.3795 9.80785  2.70598 -2.70598 9.2388  3.53553 -1.46447 9.2388  tri47
panel tri  1.8024 -0.746578 9.80785  3.53553 -1.46447 9.2388  3.82683 0 9.2388  tri48
panel tri  3.82683 0 9.2388  5.1328 2.12608 8.3147  3.53553 1.46447 9.2388  tri49
panel tri  3.82683 0 9.2388  3.53553 -1.46447 9.2388  5.1328 -2.12608 8.3147  tri50
panel tri  3.82683 0 9.2388  5.5557 0 8.3147  5.1328 2.12608 8.3147  tri51
panel tri  3.82683 0 9.2388  5.1328 -2.12608 8.3147  5.5557 0 8.3147  tri52
panel tri  3.53553 1.46447 9.2388  3.92847 3.92847 8.3147  2.70598 2.70598 9.2388  tri53
panel tri  3.53553 1.46447 9.2388  5.1328 2.12608 8.3147  3.92847 3.92847 8.3147  tri54
panel tri  2.70598 2.70598 9.2388  2.12608 5.1328 8.3147  1.46447 3.53553 9.2388  tri55
panel tri  2.70598 2.70598 9.2388  3.92847 3.92847 8.3147  2.12608 5.1328 8.3147  tri56
panel tri  1.46447 3.53553 9.2388  2.12608 5.1328 8.3147  0 3.82683 9.2388  tri57
panel tri  0 3.82683 9.2388  -2.12608 5.1328 8.3147  -1.46447 3.53553 9.2388  tri58
panel tri  0 3.82683 9.2388  2.12608 5.1328 8.3147  0 5.5557 8.3147  tri59
panel tri  0 3.82683 9.2388  0 5.5557 8.3147  -2.12608 5.1328 8.3147  tri60
panel tri  -1.46447 3.53553 9.2388  -2.12608 5.1328 8.3147  -2.70598 2.70598 9.2388  tri61
panel tri  -2.70598 2.70598 9.2388  -5.1328 2.12608 8.3147  -3.53553 1.46447 9.2388  tri62
panel tri  -2.70598 2.70598 9.2388  -2.12608 5.1328 8.3147  -3.92847 3.92847 8.3147  tri63
panel tri  -2.70598 2.70598 9.2388  -3.92847 3.92847 8.3147  -5.1328 2.12608 8.3147  tri64
panel tri  -3.53553 1.46447 9.2388  -5.1328 2.12608 8.3147  -3.82683 0 9.2388  tri65
panel tri  -3.82683 0 9.2388  -5.1328 -2.12608 8.3147  -3.53553 -1.46447 9.2388  tri66
panel tri  -3.82683 0 9.2388  -5.1328 2.12608 8.3147  -5.5557 0 8.3147  tri67
panel tri  -3.82683 0 9.2388  -5.5557 0 8.3147  -5.1328 -2.12608 8.3147  tri68
panel tri  -3.53553 -1.46447 9.2388  -5.1328 -2.12608 8.3147  -2.70598 -2.70598 9.2388  tri69
panel tri  -2.70598 -2.70598 9.2388  -2.12608 -5.1328 8.3147  -1.46447 -3.53553 9.2388  tri70
panel tri  -2.70598 -2.70598 9.2388  -5.1328 -2.12608 8.3147  -3.92847 -3.92847 8.3147  tri71
panel tri  -2.70598 -2.70598 9.2388  -3.92847 -3.92847 8.3147  -2.12608 -5.1328 8.3147  tri72
panel tri  -1.46447 -3.53553 9.2388  -2.12608 -5.1328 8.3147  0 -3.82683 9.2388  tri73
panel tri  0 -3.82683 9.2388  2.12608 -5.1328 8.3147  1.46447 -3.53553 9.2388  tri74
panel tri  0 -3.82683 9.2388  -2.12608 -5.1328 8.3147  0 -5.5557 8.3147  tri75
panel tri  0 -3.82683 9.2388  0 -5.5557 8.3147  2.12608 -5.1328 8.3147  tri76
panel tri  1.46447 -3.53553 9.2388  2.12608 -5.1328 8.3147  2.70598 -2.70598 9.2388  tri77
panel tri  2.70598 -2.70598 9.2388  5.1328 -2.12608 8.3147  3.53553 -1.46447 9.2388  tri78
panel tri  2.70598 -2.70598 9.2388  2.12608 -5.1328 8.3147  3.92847 -3.92847 8.3147  tri79
panel tri  2.70598 -2.70598 9.2388  3.92847 -3.92847 8.3147  5.1328 -2.12608 8.3147  tri80
panel tri  5.5557 0 8.3147  6.53281 2.70598 7.07107  5.1328 2.12608 8.3147  tri81
panel tri  5.5557 0 8.3147  5.1328 -2.12608 8.3147  7.07107 0 7.07107  tri82
panel tri  5.5557 0 8.3147  7.07107 0 7.07107  6.53281 2.70598 7.07107  tri83
panel tri  5.1328 2.12608 8.3147  6.53281 2.70598 7.07107  3.92847 3.92847 8.3147  tri84
panel tri  3.92847 3.92847 8.3147  2.70598 6.53281 7.07107  2.12608 5.1328 8.3147  tri85
panel tri  3.92847 3.92847 8.3147  6.53281 2.70598 7.07107  5 5 7.07107  tri86
panel tri  3.92847 3.92847 8.3147  5 5 7.07107  2.70598 6.53281 7.07107  tri87
panel tri  2.12608 5.1328 8.3147  0 7.07107 7.07107  0 5.5557 8.3147  tri88
panel tri  2.12608 5.1328 8.3147  2.70598 6.53281 7.07107  0 7.07107 7.07107  tri89
panel tri  0 5.5557 8.3147  0 7.07107 7.07107  -2.12608 5.1328 8.3147  tri90
panel tri  -2.12608 5.1328 8.3147  -5 5 7.07107  -3.92847 3.92847 8.3147  tri91
panel tri  -2.12608 5.1328 8.3147  0 7.07107 7.07107  -2.70598 6.53281 7.07107  tri92
panel tri  -2.12608 5.1328 8.3147  -2.70598 6.53281 7.07107  -5 5 7.07107  tri93
panel tri  -3.92847 3.92847 8.3147  -5 5 7.07107  -5.1328 2.12608 8.3147  tri94
panel tri  -5.1328 2.12608 8.3147  -7.07107 0 7.07107  -5.5557 0 8.3147  tri95
panel tri  -5.1328 2.12608 8.3147  -5 5 7.07107  -6.53281 2.70598 7.07107  tri96
panel tri  -5.1328 2.12608 8.3147  -6.53281 2.70598 7.07107  -7.07107 0 7.07107  tri97
panel tri  -5.5557 0 8.3147  -6.53281 -2.70598 7.07107  -5.1328 -2.12608 8.3147  tri98
panel tri  -5.5557 0 8.3147  -7.07107 0 7.07107  -6.53281 -2.70598 7.07107  tri99
panel tri  -5.1328 -2.12608 8.3147  -6.53281 -2.70598 7.07107  -3.92847 -3.92847 8.3147  tri100
panel tri  -3.92847 -3.92847 8.3147  -5 -5 7.07107  -2.12608 -5.1328 8.3147  tri101
panel tri  -3.92847 -3.92847 8.3147  -6.53281 -2.70598 7.07107  -5 -5 7.07107  tri102
panel tri  -2.12608 -5.1328 8.3147  -2.70598 -6.53281 7.07107  0 -5.5557 8.3147  tri103
panel tri  -2.12608 -5.1328 8.3147  -5 -5 7.07107  -2.70598 -6.53281 7.07107  tri104
panel tri  0 -5.5557 8.3147  0 -7.07107 7.07107  2.12608 -5.1328 8.3147  tri105
panel tri  0 -5.5557 8.3147  -2.70598 -6.53281 7.07107  0 -7.07107 7.07107  tri106
panel tri  2.12608 -5.1328 8.3147  2.70598 -6.53281 7.07107  3.92847 -3.92847 8.3147  tri107
panel tri  2.12608 -5.1328 8.3147  0 -7.07107 7.07107  2.70598 -6.53281 7.07107  tri108
panel tri  3.92847 -3.92847 8.3147  5 -5 7.07107  5.1328 -2.12608 8.3147  tri109
panel tri  3.92847 -3.92847 8.3147  2.70598 -6.53281 7.07107  5 -5 7.07107  tri110
panel tri  5.1328 -2.12608 8.3147  6.53281 -2.70598 7.07107  7.07107 0 7.07107  tri111
panel tri  5.1328 -2.12608 8.3147  5 -5 7.07107  6.53281 -2.70598 7.07107  tri112
panel tri  7.07107 0 7.07107  8.3147 0 5.5557  6.53281 2.70598 7.07107  tri113
panel tri  7.07107 0 7.07107  6.53281 -2.70598 7.07107  8.3147 0 5.5557  tri114
panel tri  6.53281 2.70598 7.07107  5.87938 5.87938 5.5557  5 5 7.07107  tri115
panel tri  6.53281 2.70598 7.07107  8.3147 0 5.5557  7.68178 3.1819 5.5557  tri116
panel tri  6.53281 2.70598 7.07107  7.68178 3.1819 5.5557  5.87938 5.87938 5.5557  tri117
panel tri  5 5 7.07107  3.1819 7.68178 5.5557  2.70598 6.53281 7.07107  tri118
panel tri  5 5 7.07107  5.87938 5.87938 5.5557  3.1819 7.68178 5.5557  tri119
panel tri  2.70598 6.53281 7.07107  0 8.3147 5.5557  0 7.07107 7.07107  tri120
panel tri  2.70598 6.53281 7.07107  3.1819 7.68178 5.5557  0 8.3147 5.5557  tri121
panel tri  0 7.07107 7.07107  -3.1819 7.68178 5.5557  -2.70598 6.53281 7.07107  tri122
panel tri  0 7.07107 7.07107  0 8.3147 5.5557  -3.1819 7.68178 5.5557  tri123
panel tri  -2.70598 6.53281 7.07107  -3.1819 7.68178 5.5557  -5 5 7.07107  tri124
panel tri  -5 5 7.07107  -7.68178 3.1819 5.5557  -6.53281 2.70598 7.07107  tri125
panel tri  -5 5 7.07107  -3.1819 7.68178 5.5557  -5.87938 5.87938 5.5557  tri126
panel tri  -5 5 7.07107  -5.87938 5.87938 5.5557  -7.68178 3.1819 5.5557  tri127
panel tri  -6.53281 2.70598 7.07107  -8.3147 0 5.5557  -7.07107 0 7.07107  tri128
panel tri  -6.53281 2.70598 7.07107  -7.68178 3.1819 5.5557  -8.3147 0 5.5557  tri129
panel tri  -7.07107 0 7.07107  -8.3147 0 5.5557  -6.53281 -2.70598 7.07107  tri130
panel tri  -6.53281 -2.70598 7.07107  -5.87938 -5.87938 5.5557  -5 -5 7.07107  tri131
panel tri  -6.53281 -2.70598 7.07107  -8.3147 0 5.5557  -7.68178 -3.1819 5.5557  tri132
panel tri  -6.53281 -2.70598 7.07107  -7.68178 -3.1819 5.5557  -5.87938 -5.87938 5.5557  tri133
panel tri  -5 -5 7.07107  -5.87938 -5.87938 5.5557  -2.70598 -6.53281 7.07107  tri134
panel tri  -2.70598 -6.53281 7.07107  -3.1819 -7.68178 5.5557  0 -7.07107 7.07107  tri135
panel tri  -2.70598 -6.53281 7.07107  -5.87938 -5.87938 5.5557  -3.1819 -7.68178 5.5557  tri136
panel tri  0 -7.07107 7.07107  0 -8.3147 5.5557  2.70598 -6.53281 7.07107  tri137
panel tri  0 -7.07107 7.07107  -3.1819 -7.68178 5.5557  0 -8.3147 5.5557  tri138
panel tri  2.70598 -6.53281 7.07107  5.87938 -5.87938 5.5557  5 -5 7.07107  tri139
panel tri  2.70598 -6.53281 7.07107  0 -8.3147 5.5557  3.1819 -7.68178 5.5557  tri140
panel tri  2.70598 -6.53281 7.07107  3.1819 -7.68178 5.5557  5.87938 -5.87938 5.5557  tri141
panel tri  5 -5 7.07107  7.68178 -3.1819 5.5557  6.53281 -2.70598 7.07107  tri142
panel tri  5 -5 7.07107  5.87938 -5.87938 5.5557  7.68178 -3.1819 5.5557  tri143
panel tri  6.53281 -2.70598 7.07107  7.68178 -3.1819 5.5557  8.3147 0 5.5557  tri144
panel tri  8.3147 0 5.5557  8.53553 3.53553 3.82683  7.68178 3.1819 5.5557  tri145
panel tri  8.3147 0 5.5557  7.68178 -3.1819 5.5557  8.53553 -3.53553 3.82683  tri146
panel tri  8.3147 0 5.5557  9.2388 0 3.82683  8.53553 3.53553 3.82683  tri147
panel tri  8.3147 0 5.5557  8.53553 -3.53553 3.82683  9.2388 0 3.82683  tri148
panel tri  7.68178 3.1819 5.5557  8.53553 3.53553 3.82683  5.87938 5.87938 5.5557  tri149
panel tri  5.87938 5.87938 5.5557  6.53281 6.53281 3.82683  3.1819 7.68178 5.5557  tri150
panel tri  5.87938 5.87938 5.5557  8.53553 3.53553 3.82683  6.53281 6.53281 3.82683  tri151
panel tri  3.1819 7.68178 5.5557  3.53553 8.53553 3.82683  0 8.3147 5.5557  tri152
panel tri  3.1819 7.68178 5.5557  6.53281 6.53281 3.82683  3.53553 8.53553 3.82683  tri153
panel tri  0 8.3147 5.5557  0 9.2388 3.82683  -3.1819 7.68178 5.5557  tri154
panel tri  0 8.3147 5.5557  3.53553 8.53553 3.82683  0 9.2388 3.82683  tri155
panel tri  -3.1819 7.68178 5.5557  -3.53553 8.53553 3.82683  -5.87938 5.87938 5.5557  tri156
panel tri  -3.1819 7.68178 5.5557  0 9.2388 3.82683  -3.53553 8.53553 3.82683  tri157
panel tri  -5.87938 5.87938 5.5557  -8.53553 3.53553 3.82683  -7.68178 3.1819 5.5557  tri158
panel tri  -5.87938 5.87938 5.5557  -3.53553 8.53553 3.82683  -6.53281 6.53281 3.82683  tri159
panel tri  -5.87938 5.87938 5.5557  -6.53281 6.53281 3.82683  -8.53553 3.53553 3.82683  tri160
panel tri  -7.68178 3.1819 5.5557  -8.53553 3.53553 3.82683  -8.3147 0 5.5557  tri161
panel tri  -8.3147 0 5.5557  -8.53553 -3.53553 3.82683  -7.68178 -3.1819 5.5557  tri162
panel tri  -8.3147 0 5.5557  -8.53553 3.53553 3.82683  -9.2388 0 3.82683  tri163
panel tri  -8.3147 0 5.5557  -9.2388 0 3.82683  -8.53553 -3.53553 3.82683  tri164
panel tri  -7.68178 -3.1819 5.5557  -6.53281 -6.53281 3.82683  -5.87938 -5.87938 5.5557  tri165
panel tri  -7.68178 -3.1819 5.5557  -8.53553 -3.53553 3.82683  -6.53281 -6.53281 3.82683  tri166
panel tri  -5.87938 -5.87938 5.5557  -6.53281 -6.53281 3.82683  -3.1819 -7.68178 5.5557  tri167
panel tri  -3.1819 -7.68178 5.5557  -3.53553 -8.53553 3.82683  0 -8.3147 5.5557  tri168
panel tri  -3.1819 -7.68178 5.5557  -6.53281 -6.53281 3.82683  -3.53553 -8.53553 3.82683  tri169
panel tri  0 -8.3147 5.5557  3.53553 -8.53553 3.82683  3.1819 -7.68178 5.5557  tri170
panel tri  0 -8.3147 5.5557  -3.53553 -8.53553 3.82683  0 -9.2388 3.82683  tri171
panel tri  0 -8.3147 5.5557  0 -9.2388 3.82683  3.53553 -8.53553 3.82683  tri172
panel tri  3.1819 -7.68178 5.5557  3.53553 -8.53553 3.82683  5.87938 -5.87938 5.5557  tri173
panel tri  5.87938 -5.87938 5.5557  6.53281 -6.53281 3.82683  7.68178 -3.1819 5.5557  tri174
panel tri  5.87938 -5.87938 5.5557  3.53553 -8.53553 3.82683  6.53281 -6.53281 3.82683  tri175
panel tri  7.68178 -3.1819 5.5557  6.53281 -6.53281 3.82683  8.53553 -3.53553 3.82683  tri176
panel tri  9.2388 0 3.82683  9.80785 0 1.9509  8.53553 3.53553 3.82683  tri177
panel tri  9.2388 0 3.82683  8.53553 -3.53553 3.82683  9.80785 0 1.9509  tri178
panel tri  8.53553 3.53553 3.82683  6.9352 6.9352 1.9509  6.53281 6.53281 3.82683  tri179
panel tri  8.53553 3.53553 3.82683  9.80785 0 1.9509  9.06127 3.7533 1.9509  tri180
panel tri  8.53553 3.53553 3.82683  9.06127 3.7533 1.9509  6.9352 6.9352 1.9509  tri181
panel tri  6.53281 6.53281 3.82683  6.9352 6.9352 1.9509  3.53553 8.53553 3.82683  tri182
panel tri  3.53553 8.53553 3.82683  3.7533 9.06127 1.9509  0 9.2388 3.82683  tri183
panel tri  3.53553 8.53553 3.82683  6.9352 6.9352 1.9509  3.7533 9.06127 1.9509  tri184
panel tri  0 9.2388 3.82683  0 9.80785 1.9509  -3.53553 8.53553 3.82683  tri185
panel tri  0 9.2388 3.82683  3.7533 9.06127 1.9509  0 9.80785 1.9509  tri186
panel tri  -3.53553 8.53553 3.82683  -6.9352 6.9352 1.9509  -6.53281 6.53281 3.82683  tri187
panel tri  -3.53553 8.53553 3.82683  0 9.80785 1.9509  -3.7533 9.06127 1.9509  tri188
panel tri  -3.53553 8.53553 3.82683  -3.7533 9.06127 1.9509  -6.9352 6.9352 1.9509  tri189
panel tri  -6.53281 6.53281 3.82683  -6.9352 6.9352 1.9509  -8.53553 3.53553 3.82683  tri190
panel tri  -8.53553 3.53553 3.82683  -9.06127 3.7533 1.9509  -9.2388 0 3.82683  tri191
panel tri  -8.53553 3.53553 3.82683  -6.9352 6.9352 1.9509  -9.06127 3.7533 1.9509  tri192
panel tri  -9.2388 0 3.82683  -9.80785 0 1.9509  -8.53553 -3.53553 3.82683  tri193
panel tri  -9.2388 0 3.82683  -9.06127 3.7533 1.9509  -9.80785 0 1.9509  tri194
panel tri  -8.53553 -3.53553 3.82683  -6.9352 -6.9352 1.9509  -6.53281 -6.53281 3.82683  tri195
panel tri  -8.53553 -3.53553 3.82683  -9.80785 0 1.9509  -9.06127 -3.7533 1.9509  tri196
panel tri  -8.53553 -3.53553 3.82683  -9.06127 -3.7533 1.9509  -6.9352 -6.9352 1.9509  tri197
panel tri  -6.53281 -6.53281 3.82683  -6.9352 -6.9352 1.9509  -3.53553 -8.53553 3.82683  tri198
panel tri  -3.53553 -8.53553 3.82683  -3.7533 -9.06127 1.9509  0 -9.2388 3.82683  tri199
panel tri  -3.53553 -8.53553 3.82683  -6.9352 -6.9352 1.9509  -3.7533 -9.06127 1.9509  tri200
panel tri  0 -9.2388 3.82683  0 -9.80785 1.9509  3.53553 -8.53553 3.82683  tri201
panel tri  0 -9.2388 3.82683  -3.7533 -9.06127 1.9509  0 -9.80785 1.9509  tri202
panel tri  3.53553 -8.53553 3.82683  6.9352 -6.9352 1.9509  6.53281 -6.53281 3.82683  tri203
panel tri  3.53553 -8.53553 3.82683  0 -9.80785 1.9509  3.7533 -9.06127 1.9509  tri204
panel tri  3.53553 -8.53553 3.82683  3.7533 -9.06127 1.9509  6.9352 -6.9352 1.9509  tri205
panel tri  6.53281 -6.53281 3.82683  6.9352 -6.9352 1.9509  8.53553 -3.53553 3.82683  tri206
panel tri  8.53553 -3.53553 3.82683  9.06127 -3.7533 1.9509  9.80785 0 1.9509  tri207
panel tri  8.53553 -3.53553 3.82683  6.9352 -6.9352 1.9509  9.06127 -3.7533 1.9509  tri208
panel tri  9.80785 0 1.9509  9.2388 3.82683 0  9.06127 3.7533 1.9509  tri209
panel tri  9.80785 0 1.9509  9.06127 -3.7533 1.9509  9.2388 -3.82683 0  tri210
panel tri  9.80785 0 1.9509  10 0 0  9.2388 3.82683 0  tri211
panel tri  9.80785 0 1.9509  9.2388 -3.82683 0  10 0 0  tri212
panel tri  9.06127 3.7533 1.9509  7.07107 7.07107 0  6.9352 6.9352 1.9509  tri213
panel tri  9.06127 3.7533 1.9509  9.2388 3.82683 0  7.07107 7.07107 0  tri214
panel tri  6.9352 6.9352 1.9509  3.82683 9.2388 0  3.7533 9.06127 1.9509  tri215
panel tri  6.9352 6.9352 1.9509  7.07107 7.07107 0  3.82683 9.2388 0  tri216
panel tri  3.7533 9.06127 1.9509  0 10 0  0 9.80785 1.9509  tri217
panel tri  3.7533 9.06127 1.9509  3.82683 9.2388 0  0 10 0  tri218
panel tri  0 9.80785 1.9509  -3.82683 9.2388 0  -3.7533 9.06127 1.9509  tri219
panel tri  0 9.80785 1.9509  0 10 0  -3.82683 9.2388 0  tri220
panel tri  -3.7533 9.06127 1.9509  -7.07107 7.07107 0  -6.9352 6.9352 1.9509  tri221
panel tri  -3.7533 9.06127 1.9509  -3.82683 9.2388 0  -7.07107 7.07107 0  tri222
panel tri  -6.9352 6.9352 1.9509  -7.07107 7.07107 0  -9.06127 3.7533 1.9509  tri223
panel tri  -9.06127 3.7533 1.9509  -9.2388 3.82683 0  -9.80785 0 1.9509  tri224
panel tri  -9.06127 3.7533 1.9509  -7.07107 7.07107 0  -9.2388 3.82683 0  tri225
panel tri  -9.80785 0 1.9509  -9.2388 -3.82683 0  -9.06127 -3.7533 1.9509  tri226
panel tri  -9.80785 0 1.9509  -9.2388 3.82683 0  -10 0 0  tri227
panel tri  -9.80785 0 1.9509  -10 0 0  -9.2388 -3.82683 0  tri228
panel tri  -9.06127 -3.7533 1.9509  -7.07107 -7.07107 0  -6.9352 -6.9352 1.9509  tri229
panel tri  -9.06127 -3.7533 1.9509  -9.2388 -3.82683 0  -7.07107 -7.07107 0  tri230
panel tri  -6.9352 -6.9352 1.9509  -7.07107 -7.07107 0  -3.7533 -9.06127 1.9509  tri231
panel tri  -3.7533 -9.06127 1.9509  -3.82683 -9.2388 0  0 -9.80785 1.9509  tri232
panel tri  -3.7533 -9.06127 1.9509  -7.07107 -7.07107 0  -3.82683 -9.2388 0  tri233
panel tri  0 -9.80785 1.9509  3.82683 -9.2388 0  3.7533 -9.06127 1.9509  tri234
panel tri  0 -9.80785 1.9509  -3.82683 -9.2388 0  0 -10 0  tri235
panel tri  0 -9.80785 1.9509  0 -10 0  3.82683 -9.2388 0  tri236
panel tri  3.7533 -9.06127 1.9509  7.07107 -7.07107 0  6.9352 -6.9352 1.9509  tri237
panel tri  3.7533 -9.06127 1.9509  3.82683 -9.2388 0  7.07107 -7.07107 0  tri238
panel tri  6.9352 -6.9352 1.9509  7.07107 -7.07107 0  9.06127 -3.7533 1.9509  tri239
panel tri  9.06127 -3.7533 1.9509  7.07107 -7.07107 0  9.2388 -3.82683 0  tri240
panel tri  10 0 0  9.80785 0 -1.9509  9.2388 3.82683 0  tri241
panel tri  10 0 0  9.2388 -3.82683 0  9.80785 0 -1.9509  tri242
panel tri  9.2388 3.82683 0  9.06127 3.7533 -1.9509  7.07107 7.07107 0  tri243
panel tri  9.2388 3.82683 0  9.80785 0 -1.9509  9.06127 3.7533 -1.9509  tri244
panel tri  7.07107 7.07107 0  6.9352 6.9352 -1.9509  3.82683 9.2388 0  tri245
panel tri  7.07107 7.07107 0  9.06127 3.7533 -1.9509  6.9352 6.9352 -1.9509  tri246
panel tri  3.82683 9.2388 0  3.7533 9.06127 -1.9509  0 10 0  tri247
panel tri  3.82683 9.2388 0  6.9352 6.9352 -1.9509  3.7533 9.06127 -1.9509  tri248
panel tri  0 10 0  0 9.80785 -1.9509  -3.82683 9.2388 0  tri249
panel tri  0 10 0  3.7533 9.06127 -1.9509  0 9.80785 -1.9509  tri250
panel tri  -3.82683 9.2388 0  -3.7533 9.06127 -1.9509  -7.07107 7.07107 0  tri251
panel tri  -3.82683 9.2388 0  0 9.80785 -1.9509  -3.7533 9.06127 -1.9509  tri252
panel tri  -7.07107 7.07107 0  -9.06127 3.7533 -1.9509  -9.2388 3.82683 0  tri253
panel tri  -7.07107 7.07107 0  -3.7533 9.06127 -1.9509  -6.9352 6.9352 -1.9509  tri254
panel tri  -7.07107 7.07107 0  -6.9352 6.9352 -1.9509  -9.06127 3.7533 -1.9509  tri255
panel tri  -9.2388 3.82683 0  -9.80785 0 -1.9509  -10 0 0  tri256
panel tri  -9.2388 3.82683 0  -9.06127 3.7533 -1.9509  -9.80785 0 -1.9509  tri257
panel tri  -10 0 0  -9.80785 0 -1.9509  -9.2388 -3.82683 0  tri258
panel tri  -9.2388 -3.82683 0  -9.06127 -3.7533 -1.9509  -7.07107 -7.07107 0  tri259
panel tri  -9.2388 -3.82683 0  -9.80785 0 -1.9509  -9.06127 -3.7533 -1.9509  tri260
panel tri  -7.07107 -7.07107 0  -3.7533 -9.06127 -1.9509  -3.82683 -9.2388 0  tri261
panel tri  -7.07107 -7.07107 0  -9.06127 -3.7533 -1.9509  -6.9352 -6.9352 -1.9509  tri262
panel tri  -7.07107 -7.07107 0  -6.9352 -6.9352 -1.9509  -3.7533 -9.06127 -1.9509  tri263
panel tri  -3.82683 -9.2388 0  0 -9.80785 -1.9509  0 -10 0  tri264
panel tri  -3.82683 -9.2388 0  -3.7533 -9.06127 -1.9509  0 -9.80785 -1.9509  tri265
panel tri  0 -10 0  0 -9.80785 -1.9509  3.82683 -9.2388 0  tri266
panel tri  3.82683 -9.2388 0  3.7533 -9.06127 -1.9509  7.07107 -7.07107 0  tri267
panel tri  3.82683 -9.2388 0  0 -9.80785 -1.9509  3.7533 -9.06127 -1.9509  tri268
panel tri  7.07107 -7.07107 0  9.06127 -3.7533 -1.9509  9.2388 -3.82683 0  tri269
panel tri  7.07107 -7.07107 0  3.7533 -9.06127 -1.9509  6.9352 -6.9352 -1.9509  tri270
panel tri  7.07107 -7.07107 0  6.9352 -6.9352 -1.9509  9.06127 -3.7533 -1.9509  tri271
panel tri  9.2388 -3.82683 0  9.06127 -3.7533 -1.9509  9.80785 0 -1.9509  tri272
panel tri  9.80785 0 -1.9509  8.53553 3.53553 -3.82683  9.06127 3.7533 -1.9509  tri273
panel tri  9.80785 0 -1.9509  9.06127 -3.7533 -1.9509  8.53553 -3.53553 -3.82683  tri274
panel tri  9.80785 0 -1.9509  9.2388 0 -3.82683  8.53553 3.53553 -3.82683  tri275
panel tri  9.80785 0 -1.9509  8.53553 -3.53553 -3.82683  9.2388 0 -3.82683  tri276
panel tri  9.06127 3.7533 -1.9509  8.53553 3.53553 -3.82683  6.9352 6.9352 -1.9509  tri277
panel tri  6.9352 6.9352 -1.9509  3.53553 8.53553 -3.82683  3.7533 9.06127 -1.9509  tri278
panel tri  6.9352 6.9352 -1.9509  8.53553 3.53553 -3.82683  6.53281 6.53281 -3.82683  tri279
panel tri  6.9352 6.9352 -1.9509  6.53281 6.53281 -3.82683  3.53553 8.53553 -3.82683  tri280
panel tri  3.7533 9.06127 -1.9509  0 9.2388 -3.82683  0 9.80785 -1.9509  tri281
panel tri  3.7533 9.06127 -1.9509  3.53553 8.53553 -3.82683  0 9.2388 -3.82683  tri282
panel tri  0 9.80785 -1.9509  -3.53553 8.53553 -3.82683  -3.7533 9.06127 -1.9509  tri283
panel tri  0 9.80785 -1.9509  0 9.2388 -3.82683  -3.53553 8.53553 -3.82683  tri284
panel tri  -3.7533 9.06127 -1.9509  -3.53553 8.53553 -3.82683  -6.9352 6.9352 -1.9509  tri285
panel tri  -6.9352 6.9352 -1.9509  -8.53553 3.53553 -3.82683  -9.06127 3.7533 -1.9509  tri286
panel tri  -6.9352 6.9352 -1.9509  -3.53553 8.53553 -3.82683  -6.53281 6.53281 -3.82683  tri287
panel tri  -6.9352 6.9352 -1.9509  -6.53281 6.53281 -3.82683  -8.53553 3.53553 -3.82683  tri288
panel tri  -9.06127 3.7533 -1.9509  -9.2388 0 -3.82683  -9.80785 0 -1.9509  tri289
panel tri  -9.06127 3.7533 -1.9509  -8.53553 3.53553 -3.82683  -9.2388 0 -3.82683  tri290
panel tri  -9.80785 0 -1.9509  -8.53553 -3.53553 -3.82683  -9.06127 -3.7533 -1.9509  tri291
panel tri  -9.80785 0 -1.9509  -9.2388 0 -3.82683  -8.53553 -3.53553 -3.82683  tri292
panel tri  -9.06127 -3.7533 -1.9509  -8.53553 -3.53553 -3.82683  -6.9352 -6.9352 -1.9509  tri293
panel tri  -6.9352 -6.9352 -1.9509  -3.53553 -8.53553 -3.82683  -3.7533 -9.06127 -1.9509  tri294
panel tri  -6.9352 -6.9352 -1.9509  -8.53553 -3.53553 -3.82683  -6.53281 -6.53281 -3.82683  tri295
panel tri  -6.9352 -6.9352 -1.9509  -6.53281 -6.53281 -3.82683  -3.53553 -8.53553 -3.82683  tri296
panel tri  -3.7533 -9.06127 -1.9509  0 -9.2388 -3.82683  0 -9.80785 -1.9509  tri297
panel tri  -3.7533 -9.06127 -1.9509  -3.53553 -8.53553 -3.82683  0 -9.2388 -3.82683  tri298
panel tri  0 -9.80785 -1.9509  3.53553 -8.53553 -3.82683  3.7533 -9.06127 -1.9509  tri299
panel tri  0 -9.80785 -1.9509  0 -9.2388 -3.82683  3.53553 -8.53553 -3.82683  tri300
panel tri  3.7533 -9.06127 -1.9509  3.53553 -8.53553 -3.82683  6.9352 -6.9352 -1.9509  tri301
panel tri  6.9352 -6.9352 -1.9509  8.53553 -3.53553 -3.82683  9.06127 -3.7533 -1.9509  tri302
panel tri  6.9352 -6.9352 -1.9509  3.53553 -8.53553 -3.82683  6.53281 -6.53281 -3.82683  tri303
panel tri  6.9352 -6.9352 -1.9509  6.53281 -6.53281 -3.82683  8.53553 -3.53553 -3.82683  tri304
panel tri  9.2388 0 -3.82683  8.3147 0 -5.5557  8.53553 3.53553 -3.82683  tri305
panel tri  9.2388 0 -3.82683  8.53553 -3.53553 -3.82683  8.3147 0 -5.5557  tri306
panel tri  8.53553 3.53553 -3.82683  5.87938 5.87938 -5.5557  6.53281 6.53281 -3.82683  tri307
panel tri  8.53553 3.53553 -3.82683  8.3147 0 -5.5557  7.68178 3.1819 -5.5557  tri308
panel tri  8.53553 3.53553 -3.82683  7.68178 3.1819 -5.5557  5.87938 5.87938 -5.5557  tri309
panel tri  6.53281 6.53281 -3.82683  3.1819 7.68178 -5.5557  3.53553 8.53553 -3.82683  tri310
panel tri  6.53281 6.53281 -3.82683  5.87938 5.87938 -5.5557  3.1819 7.68178 -5.5557  tri311
panel tri  3.53553 8.53553 -3.82683  0 8.3147 -5.5557  0 9.2388 -3.82683  tri312
panel tri  3.53553 8.53553 -3.82683  3.1819 7.68178 -5.5557  0 8.3147 -5.5557  tri313
panel tri  0 9.2388 -3.82683  -3.1819 7.68178 -5.5557  -3.53553 8.53553 -3.82683  tri314
panel tri  0 9.2388 -3.82683  0 8.3147 -5.5557  -3.1819 7.68178 -5.5557  tri315
panel tri  -3.53553 8.53553 -3.82683  -5.87938 5.87938 -5.5557  -6.53281 6.53281 -3.82683  tri316
panel tri  -3.53553 8.53553 -3.82683  -3.1819 7.68178 -5.5557  -5.87938 5.87938 -5.5557  tri317
panel tri  -6.53281 6.53281 -3.82683  -5.87938 5.87938 -5.5557  -8.53553 3.53553 -3.82683  tri318
panel tri  -8.53553 3.53553 -3.82683  -8.3147 0 -5.5557  -9.2388 0 -3.82683  tri319
panel tri  -8.53553 3.53553 -3.82683  -5.87938 5.87938 -5.5557  -7.68178 3.1819 -5.5557  tri320
panel tri  -8.53553 3.53553 -3.82683  -7.68178 3.1819 -5.5557  -8.3147 0 -5.5557  tri321
panel tri  -9.2388 0 -3.82683  -8.3147 0 -5.5557  -8.53553 -3.53553 -3.82683  tri322
panel tri  -8.53553 -3.53553 -3.82683  -7.68178 -3.1819 -5.5557  -6.53281 -6.53281 -3.82683  tri323
panel tri  -8.53553 -3.53553 -3.82683  -8.3147 0 -5.5557  -7.68178 -3.1819 -5.5557  tri324
panel tri  -6.53281 -6.53281 -3.82683  -3.1819 -7.68178 -5.5557  -3.53553 -8.53553 -3.82683  tri325
panel tri  -6.53281 -6.53281 -3.82683  -7.68178 -3.1819 -5.5557  -5.87938 -5.87938 -5.5557  tri326
panel tri  -6.53281 -6.53281 -3.82683  -5.87938 -5.87938 -5.5557  -3.1819 -7.68178 -5.5557  tri327
panel tri  -3.53553 -8.53553 -3.82683  0 -8.3147 -5.5557  0 -9.2388 -3.82683  tri328
panel tri  -3.53553 -8.53553 -3.82683  -3.1819 -7.68178 -5.5557  0 -8.3147 -5.5557  tri329
panel tri  0 -9.2388 -3.82683  0 -8.3147 -5.5557  3.53553 -8.53553 -3.82683  tri330
panel tri  3.53553 -8.53553 -3.82683  5.87938 -5.87938 -5.5557  6.53281 -6.53281 -3.82683  tri331
panel tri  3.53553 -8.53553 -3.82683  0 -8.3147 -5.5557  3.1819 -7.68178 -5.5557  tri332
panel tri  3.53553 -8.53553 -3.82683  3.1819 -7.68178 -5.5557  5.87938 -5.87938 -5.5557  tri333
panel tri  6.53281 -6.53281 -3.82683  7.68178 -3.1819 -5.5557  8.53553 -3.53553 -3.82683  tri334
panel tri  6.53281 -6.53281 -3.82683  5.87938 -5.87938 -5.5557  7.68178 -3.1819 -5.5557  tri335
panel tri  8.53553 -3.53553 -3.82683  7.68178 -3.1819 -5.5557  8.3147 0 -5.5557  tri336
panel tri  8.3147 0 -5.5557  6.53281 2.70598 -7.07107  7.68178 3.1819 -5.5557  tri337
panel tri  8.3147 0 -5.5557  7.68178 -3.1819 -5.5557  6.53281 -2.70598 -7.07107  tri338
panel tri  8.3147 0 -5.5557  7.07107 0 -7.07107  6.53281 2.70598 -7.07107  tri339
panel tri  8.3147 0 -5.5557  6.53281 -2.70598 -7.07107  7.07107 0 -7.07107  tri340
panel tri  7.68178 3.1819 -5.5557  6.53281 2.70598 -7.07107  5.87938 5.87938 -5.5557  tri341
panel tri  5.87938 5.87938 -5.5557  5 5 -7.07107  3.1819 7.68178 -5.5557  tri342
panel tri  5.87938 5.87938 -5.5557  6.53281 2.70598 -7.07107  5 5 -7.07107  tri343
panel tri  3.1819 7.68178 -5.5557  2.70598 6.53281 -7.07107  0 8.3147 -5.5557  tri344
panel tri  3.1819 7.68178 -5.5557  5 5 -7.07107  2.70598 6.53281 -7.07107  tri345
panel tri  0 8.3147 -5.5557  0 7.07107 -7.07107  -3.1819 7.68178 -5.5557  tri346
panel tri  0 8.3147 -5.5557  2.70598 6.53281 -7.07107  0 7.07107 -7.07107  tri347
panel tri  -3.1819 7.68178 -5.5557  -5 5 -7.07107  -5.87938 5.87938 -5.5557  tri348
panel tri  -3.1819 7.68178 -5.5557  0 7.07107 -7.07107  -2.70598 6.53281 -7.07107  tri349
panel tri  -3.1819 7.68178 -5.5557  -2.70598 6.53281 -7.07107  -5 5 -7.07107  tri350
panel tri  -5.87938 5.87938 -5.5557  -5 5 -7.07107  -7.68178 3.1819 -5.5557  tri351
panel tri  -7.68178 3.1819 -5.5557  -6.53281 2.70598 -7.07107  -8.3147 0 -5.5557  tri352
panel tri  -7.68178 3.1819 -5.5557  -5 5 -7.07107  -6.53281 2.70598 -7.07107  tri353
panel tri  -8.3147 0 -5.5557  -6.53281 -2.70598 -7.07107  -7.68178 -3.1819 -5.5557  tri354
panel tri  -8.3147 0 -5.5557  -6.53281 2.70598 -7.07107  -7.07107 0 -7.07107  tri355
panel tri  -8.3147 0 -5.5557  -7.07107 0 -7.07107  -6.53281 -2.70598 -7.07107  tri356
panel tri  -7.68178 -3.1819 -5.5557  -6.53281 -2.70598 -7.07107  -5.87938 -5.87938 -5.5557  tri357
panel tri  -5.87938 -5.87938 -5.5557  -2.70598 -6.53281 -7.07107  -3.1819 -7.68178 -5.5557  tri358
panel tri  -5.87938 -5.87938 -5.5557  -6.53281 -2.70598 -7.07107  -5 -5 -7.07107  tri359
panel tri  -5.87938 -5.87938 -5.5557  -5 -5 -7.07107  -2.70598 -6.53281 -7.07107  tri360
panel tri  -3.1819 -7.68178 -5.5557  0 -7.07107 -7.07107  0 -8.3147 -5.5557  tri361
panel tri  -3.1819 -7.68178 -5.5557  -2.70598 -6.53281 -7.07107  0 -7.07107 -7.07107  tri362
panel tri  0 -8.3147 -5.5557  2.70598 -6.53281 -7.07107  3.1819 -7.68178 -5.5557  tri363
panel tri  0 -8.3147 -5.5557  0 -7.07107 -7.07107  2.70598 -6.53281 -7.07107  tri364
panel tri  3.1819 -7.68178 -5.5557  2.70598 -6.53281 -7.07107  5.87938 -5.87938 -5.5557  tri365
panel tri  5.87938 -5.87938 -5.5557  5 -5 -7.07107  7.68178 -3.1819 -5.5557  tri366
panel tri  5.87938 -5.87938 -5.5557  2.70598 -6.53281 -7.07107  5 -5 -7.07107  tri367
panel tri  7.68178 -3.1819 -5.5557  5 -5 -7.07107  6.53281 -2.70598 -7.07107  tri368
panel tri  7.07107 0 -7.07107  5.5557 0 -8.3147  6.53281 2.70598 -7.07107  tri369
panel tri  7.07107 0 -7.07107  6.53281 -2.70598 -7.07107  5.1328 -2.12608 -8.3147  tri370
panel tri  7.07107 0 -7.07107  5.1328 -2.12608 -8.3147  5.5557 0 -8.3147  tri371
panel tri  6.53281 2.70598 -7.07107  3.92847 3.92847 -8.3147  5 5 -7.07107  tri372
panel tri  6.53281 2.70598 -7.07107  5.5557 0 -8.3147  5.1328 2.12608 -8.3147  tri373
panel tri  6.53281 2.70598 -7.07107  5.1328 2.12608 -8.3147  3.92847 3.92847 -8.3147  tri374
panel tri  5 5 -7.07107  3.92847 3.92847 -8.3147  2.70598 6.53281 -7.07107  tri375
panel tri  2.70598 6.53281 -7.07107  2.12608 5.1328 -8.3147  0 7.07107 -7.07107  tri376
panel tri  2.70598 6.53281 -7.07107  3.92847 3.92847 -8.3147  2.12608 5.1328 -8.3147  tri377
panel tri  0 7.07107 -7.07107  -2.12608 5.1328 -8.3147  -2.70598 6.53281 -7.07107  tri378
panel tri  0 7.07107 -7.07107  2.12608 5.1328 -8.3147  0 5.5557 -8.3147  tri379
panel tri  0 7.07107 -7.07107  0 5.5557 -8.3147  -2.12608 5.1328 -8.3147  tri380
panel tri  -2.70598 6.53281 -7.07107  -2.12608 5.1328 -8.3147  -5 5 -7.07107  tri381
panel tri  -5 5 -7.07107  -5.1328 2.12608 -8.3147  -6.53281 2.70598 -7.07107  tri382
panel tri  -5 5 -7.07107  -2.12608 5.1328 -8.3147  -3.92847 3.92847 -8.3147  tri383
panel tri  -5 5 -7.07107  -3.92847 3.92847 -8.3147  -5.1328 2.12608 -8.3147  tri384
panel tri  -6.53281 2.70598 -7.07107  -5.1328 2.12608 -8.3147  -7.07107 0 -7.07107  tri385
panel tri  -7.07107 0 -7.07107  -5.5557 0 -8.3147  -6.53281 -2.70598 -7.07107  tri386
panel tri  -7.07107 0 -7.07107  -5.1328 2.12608 -8.3147  -5.5557 0 -8.3147  tri387
panel tri  -6.53281 -2.70598 -7.07107  -3.92847 -3.92847 -8.3147  -5 -5 -7.07107  tri388
panel tri  -6.53281 -2.70598 -7.07107  -5.5557 0 -8.3147  -5.1328 -2.12608 -8.3147  tri389
panel tri  -6.53281 -2.70598 -7.07107  -5.1328 -2.12608 -8.3147  -3.92847 -3.92847 -8.3147  tri390
panel tri  -5 -5 -7.07107  -2.12608 -5.1328 -8.3147  -2.70598 -6.53281 -7.07107  tri391
panel tri  -5 -5 -7.07107  -3.92847 -3.92847 -8.3147  -2.12608 -5.1328 -8.3147  tri392
panel tri  -2.70598 -6.53281 -7.07107  0 -5.5557 -8.3147  0 -7.07107 -7.07107  tri393
panel tri  -2.70598 -6.53281 -7.07107  -2.12608 -5.1328 -8.3147  0 -5.5557 -8.3147  tri394
panel tri  0 -7.07107 -7.07107  2.12608 -5.1328 -8.3147  2.70598 -6.53281 -7.07107  tri395
panel tri  0 -7.07107 -7.07107  0 -5.5557 -8.3147  2.12608 -5.1328 -8.3147  tri396
panel tri  2.70598 -6.53281 -7.07107  3.92847 -3.92847 -8.3147  5 -5 -7.07107  tri397
panel tri  2.70598 -6.53281 -7.07107  2.12608 -5.1328 -8.3147  3.92847 -3.92847 -8.3147  tri398
panel tri  5 -5 -7.07107  5.1328 -2.12608 -8.3147  6.53281 -2.70598 -7.07107  tri399
panel tri  5 -5 -7.07107  3.92847 -3.92847 -8.3147  5.1328 -2.12608 -8.3147  tri400
panel tri  5.5557 0 -8.3147  3.82683 0 -9.2388  5.1328 2.12608 -8.3147  tri401
panel tri  5.5557 0 -8.3147  5.1328 -2.12608 -8.3147  3.82683 0 -9.2388  tri402
panel tri  5.1328 2.12608 -8.3147  3.53553 1.46447 -9.2388  3.92847 3.92847 -8.3147  tri403
panel tri  5.1328 2.12608 -8.3147  3.82683 0 -9.2388  3.53553 1.46447 -9.2388  tri404
panel tri  3.92847 3.92847 -8.3147  2.70598 2.70598 -9.2388  2.12608 5.1328 -8.3147  tri405
panel tri  3.92847 3.92847 -8.3147  3.53553 1.46447 -9.2388  2.70598 2.70598 -9.2388  tri406
panel tri  2.12608 5.1328 -8.3147  0 3.82683 -9.2388  0 5.5557 -8.3147  tri407
panel tri  2.12608 5.1328 -8.3147  2.70598 2.70598 -9.2388  1.46447 3.53553 -9.2388  tri408
panel tri  2.12608 5.1328 -8.3147  1.46447 3.53553 -9.2388  0 3.82683 -9.2388  tri409
panel tri  0 5.5557 -8.3147  0 3.82683 -9.2388  -2.12608 5.1328 -8.3147  tri410
panel tri  -2.12608 5.1328 -8.3147  -2.70598 2.70598 -9.2388  -3.92847 3.92847 -8.3147  tri411
panel tri  -2.12608 5.1328 -8.3147  0 3.82683 -9.2388  -1.46447 3.53553 -9.2388  tri412
panel tri  -2.12608 5.1328 -8.3147  -1.46447 3.53553 -9.2388  -2.70598 2.70598 -9.2388  tri413
panel tri  -3.92847 3.92847 -8.3147  -2.70598 2.70598 -9.2388  -5.1328 2.12608 -8.3147  tri414
panel tri  -5.1328 2.12608 -8.3147  -3.82683 0 -9.2388  -5.5557 0 -8.3147  tri415
panel tri  -5.1328 2.12608 -8.3147  -2.70598 2.70598 -9.2388  -3.53553 1.46447 -9.2388  tri416
panel tri  -5.1328 2.12608 -8.3147  -3.53553 1.46447 -9.2388  -3.82683 0 -9.2388  tri417
panel tri  -5.5557 0 -8.3147  -3.82683 0 -9.2388  -5.1328 -2.12608 -8.3147  tri418
panel tri  -5.1328 -2.12608 -8.3147  -2.70598 -2.70598 -9.2388  -3.92847 -3.92847 -8.3147  tri419
panel tri  -5.1328 -2.12608 -8.3147  -3.82683 0 -9.2388  -3.53553 -1.46447 -9.2388  tri420
panel tri  -5.1328 -2.12608 -8.3147  -3.53553 -1.46447 -9.2388  -2.70598 -2.70598 -9.2388  tri421
panel tri  -3.92847 -3.92847 -8.3147  -2.70598 -2.70598 -9.2388  -2.12608 -5.1328 -8.3147  tri422
panel tri  -2.12608 -5.1328 -8.3147  0 -3.82683 -9.2388  0 -5.5557 -8.3147  tri423
panel tri  -2.12608 -5.1328 -8.3147  -2.70598 -2.70598 -9.2388  -1.46447 -3.53553 -9.2388  tri424
panel tri  -2.12608 -5.1328 -8.3147  -1.46447 -3.53553 -9.2388  0 -3.82683 -9.2388  tri425
panel tri  0 -5.5557 -8.3147  0 -3.82683 -9.2388  2.12608 -5.1328 -8.3147  tri426
panel tri  2.12608 -5.1328 -8.3147  2.70598 -2.70598 -9.2388  3.92847 -3.92847 -8.3147  tri427
panel tri  2.12608 -5.1328 -8.3147  0 -3.82683 -9.2388  1.46447 -3.53553 -9.2388  tri428
panel tri  2.12608 -5.1328 -8.3147  1.46447 -3.53553 -9.2388  2.70598 -2.70598 -9.2388  tri429
panel tri  3.92847 -3.92847 -8.3147  2.70598 -2.70598 -9.2388  5.1328 -2.12608 -8.3147  tri430
panel tri  5.1328 -2.12608 -8.3147  3.53553 -1.46447 -9.2388  3.82683 0 -9.2388  tri431
panel tri  5.1328 -2.12608 -8.3147  2.70598 -2.70598 -9.2388  3.53553 -1.46447 -9.2388  tri432
panel tri  3.82683 0 -9.2388  1.9509 0 -9.80785  3.53553 1.46447 -9.2388  tri433
panel tri  3.82683 0 -9.2388  3.53553 -1.46447 -9.2388  1.8024 -0.746578 -9.80785  tri434
panel tri  3.82683 0 -9.2388  1.8024 -0.746578 -9.80785  1.9509 0 -9.80785  tri435
panel tri  3.53553 1.46447 -9.2388  1.8024 0.746578 -9.80785  2.70598 2.70598 -9.2388  tri436
panel tri  3.53553 1.46447 -9.2388  1.9509 0 -9.80785  1.8024 0.746578 -9.80785  tri437
panel tri  2.70598 2.70598 -9.2388  1.3795 1.3795 -9.80785  1.46447 3.53553 -9.2388  tri438
panel tri  2.70598 2.70598 -9.2388  1.8024 0.746578 -9.80785  1.3795 1.3795 -9.80785  tri439
panel tri  1.46447 3.53553 -9.2388  0.746578 1.8024 -9.80785  0 3.82683 -9.2388  tri440
panel tri  1.46447 3.53553 -9.2388  1.3795 1.3795 -9.80785  0.746578 1.8024 -9.80785  tri441
panel tri  0 3.82683 -9.2388  -0.746578 1.8024 -9.80785  -1.46447 3.53553 -9.2388  tri442
panel tri  0 3.82683 -9.2388  0.746578 1.8024 -9.80785  0 1.9509 -9.80785  tri443
panel tri  0 3.82683 -9.2388  0 1.9509 -9.80785  -0.746578 1.8024 -9.80785  tri444
panel tri  -1.46447 3.53553 -9.2388  -0.746578 1.8024 -9.80785  -2.70598 2.70598 -9.2388  tri445
panel tri  -2.70598 2.70598 -9.2388  -1.8024 0.746578 -9.80785  -3.53553 1.46447 -9.2388  tri446
panel tri  -2.70598 2.70598 -9.2388  -0.746578 1.8024 -9.80785  -1.3795 1.3795 -9.80785  tri447
panel tri  -2.70598 2.70598 -9.2388  -1.3795 1.3795 -9.80785  -1.8024 0.746578 -9.80785  tri448
panel tri  -3.53553 1.46447 -9.2388  -1.8024 0.746578 -9.80785  -3.82683 0 -9.2388  tri449
panel tri  -3.82683 0 -9.2388  -1.9509 0 -9.80785  -3.53553 -1.46447 -9.2388  tri450
panel tri  -3.82683 0 -9.2388  -1.8024 0.746578 -9.80785  -1.9509 0 -9.80785  tri451
panel tri  -3.53553 -1.46447 -9.2388  -1.8024 -0.746578 -9.80785  -2.70598 -2.70598 -9.2388  tri452
panel tri  -3.53553 -1.46447 -9.2388  -1.9509 0 -9.80785  -1.8024 -0.746578 -9.80785  tri453
panel tri  -2.70598 -2.70598 -9.2388  -1.3795 -1.3795 -9.80785  -1.46447 -3.53553 -9.2388  tri454
panel tri  -2.70598 -2.70598 -9.2388  -1.8024 -0.746578 -9.80785  -1.3795 -1.3795 -9.80785  tri455
panel tri  -1.46447 -3.53553 -9.2388  -0.746578 -1.8024 -9.80785  0 -3.82683 -9.2388  tri456
panel tri  -1.46447 -3.53553 -9.2388  -1.3795 -1.3795 -9.80785  -0.746578 -1.8024 -9.80785  tri457
panel tri  0 -3.82683 -9.2388  0.746578 -1.8024 -9.80785  1.46447 -3.53553 -9.2388  tri458
panel tri  0 -3.82683 -9.2388  -0.746578 -1.8024 -9.80785  0 -1.9509 -9.80785  tri459
panel tri  0 -3.82683 -9.2388  0 -1.9509 -9.80785  0.746578 -1.8024 -9.80785  tri460
panel tri  1.46447 -3.53553 -9.2388  0.746578 -1.8024 -9.80785  2.70598 -2.70598 -9.2388  tri461
panel tri  2.70598 -2.70598 -9.2388  1.3795 -1.3795 -9.80785  3.53553 -1.46447 -9.2388  tri462
panel tri  2.70598 -2.70598 -9.2388  0.746578 -1.8024 -9.80785  1.3795 -1.3795 -9.80785  tri463
panel tri  3.53553 -1.46447 -9.2388  1.3795 -1.3795 -9.80785  1.8024 -0.746578 -9.80785  tri464
panel tri  1.9509 0 -9.80785  0 0 -10  1.8024 0.746578 -9.80785  tri465
panel tri  1.9509 0 -9.80785  1.8024 -0.746578 -9.80785  0 0 -10  tri466
panel tri  1.8024 0.746578 -9.80785  0 0 -10  1.3795 1.3795 -9.80785  tri467
panel tri  1.3795 1.3795 -9.80785  0 0 -10  0.746578 1.8024 -9.80785  tri468
panel tri  0.746578 1.8024 -9.80785  0 0 -10  0 1.9509 -9.80785  tri469
panel tri  0 1.9509 -9.80785  0 0 -10  -0.746578 1.8024 -9.80785  tri470
panel tri  -0.746578 1.8024 -9.80785  0 0 -10  -1.3795 1.3795 -9.80785  tri471
panel tri  -1.3795 1.3795 -9.80785  0 0 -10  -1.8024 0.746578 -9.80785  tri472
panel tri  -1.8024 0.746578 -9.80785  0 0 -10  -1.9509 0 -9.80785  tri473
panel tri  -1.9509 0 -9.80785  0 0 -10  -1.8024 -0.746578 -9.80785  tri474
panel tri  -1.8024 -0.746578 -9.80785  0 0 -10  -1.3795 -1.3795 -9.80785  tri475
panel tri  -1.3795 -1.3795 -9.80785  0 0 -10  -0.746578 -1.8024 -9.80785  tri476
panel tri  -0.746578 -1.8024 -9.80785  0 0 -10  0 -1.9509 -9.80785  tri477
panel tri  0 -1.9509 -9.80785  0 0 -10  0.746578 -1.8024 -9.80785  tri478
panel tri  0.746578 -1.8024 -9.80785  0 0 -10  1.3795 -1.3795 -9.80785  tri479
panel tri  1.3795 -1.3795 -9.80785  0 0 -10  1.8024 -0.746578 -9.80785  tri480
neighbors tri1 tri2 tri3 tri4 tri5 tri6 tri7 tri8 tri9 tri10 tri11 tri12 tri13 tri14 tri15 tri16 tri17 tri18 tri19 tri20 tri21
neighbors tri2 tri1 tri3 tri4 tri5 tri6 tri7 tri8 tri9 tri10 tri11 tri12 tri13 tri14 tri15 tri16 tri17 tri18 tri19 tri46 tri48
neighbors tri3 tri1 tri2 tri4 tri5 tri6 tri7 tri8 tri9 tri10 tri11 tri12 tri13 tri14 tri15 tri16 tri17 tri20 tri21 tri22 tri23
neighbors tri4 tri1 tri2 tri3 tri5 tri6 tri7 tri8 tri9 tri10 tri11 tri12 tri13 tri14 tri15 tri16 tri20 tri22 tri23 tri24 tri25
neighbors tri5 tri1 tri2 tri3 tri4 tri6 tri7 tri8 tri9 tri10 tri11 tri12 tri13 tri14 tri15 tri16 tri22 tri24 tri25 tri26
neighbors tri6 tri1 tri2 tri3 tri4 tri5 tri7 tri8 tri9 tri10 tri11 tri12 tri13 tri14 tri15 tri16 tri24 tri26 tri27 tri28 tri29
neighbors tri7 tri1 tri2 tri3 tri4 tri5 tri6 tri8 tri9 tri10 tri11 tri12 tri13 tri14 tri15 tri16 tri26 tri27 tri28 tri29 tri30
neighbors tri8 tri1 tri2 tri3 tri4 tri5 tri6 tri7 tri9 tri10 tri11 tri12 tri13 tri14 tri15 tri16 tri27 tri30 tri31 tri32 tri33
neighbors tri9 tri1 tri2 tri3 tri4 tri5 tri6 tri7 tri8 tri10 tri11 tri12 tri13 tri14 tri15 tri16 tri30 tri31 tri32 tri33 tri34 tri35
neighbors tri10 tri1 tri2 tri3 tri4 tri5 tri6 tri7 tri8 tri9 tri11 tri12 tri13 tri14 tri15 tri16 tri31 tri34 tri35 tri36 tri37
neighbors tri11 tri1 tri2 tri3 tri4 tri5 tri6 tri7 tri8 tri9 tri10 tri12 tri13 tri14 tri15 tri16 tri34 tri36 tri37 tri38 tri39
neighbors tri12 tri1 tri2 tri3 tri4 tri5 tri6 tri7 tri8 tri9 tri10 tri11 tri13 tri14 tri15 tri16 tri36 tri38 tri39 tri40 tri41
neighbors tri13 tri1 tri2 tri3 tri4 tri5 tri6 tri7 tri8 tri9 tri10 tri11 tri12 tri14 tri15 tri16 tri38 tri40 tri41 tri42
neighbors tri14 tri1 tri2 tri3 tri4 tri5 tri6 tri7 tri8 tri9 tri10 tri11 tri12 tri13 tri15 tri16 tri40 tri42 tri43 tri44 tri45
neighbors tri15 tri1 tri2 tri3 tri4 tri5 tri6 tri7 tri8 tri9 tri10 tri11 tri12 tri13 tri14 tri16 tri42 tri43 tri44 tri45 tri46 tri47
neighbors tri16 tri1 tri2 tri3 tri4 tri5 tri6 tri7 tri8 tri9 tri10 tri11 tri12 tri13 tri14 tri15 tri18 tri43 tri46 tri47 tri48
neighbors tri17 tri1 tri2 tri3 tri18 tri19 tri20 tri21 tri49 tri53 tri54
neighbors tri18 tri1 tri2 tri16 tri17 tri19 tri46 tri48 tri49 tri50 tri51 tri52
neighbors tri19 tri1 tri2 tri17 tri18 tri21 tri48 tri49 tri50 tri51 tri52 tri53 tri54
neighbors tri20 tri1 tri3 tri4 tri17 tri21 tri22 tri23 tri53 tri55 tri56
neighbors tri21 tri1 tri3 tri17 tri19 tri20 tri23 tri49 tri53 tri54 tri55 tri56
neighbors tri22 tri3 tri4 tri5 tri20 tri23 tri24 tri25 tri55 tri57
neighbors tri23 tri3 tri4 tri20 tri21 tri22 tri25 tri53 tri55 tri56 tri57
neighbors tri24 tri4 tri5 tri6 tri22 tri25 tri26 tri28 tri57 tri58 tri59 tri60
neighbors tri25 tri4 tri5 tri22 tri23 tri24 tri26 tri28 tri55 tri57 tri58 tri59 tri60
neighbors tri26 tri5 tri6 tri7 tri24 tri25 tri27 tri28 tri29 tri57 tri58 tri59 tri60
neighbors tri27 tri6 tri7 tri8 tri26 tri28 tri29 tri30 tri32 tri61 tri62 tri63 tri64
neighbors tri28 tri6 tri7 tri24 tri25 tri26 tri27 tri29 tri57 tri58 tri59 tri60 tri61
neighbors tri29 tri6 tri7 tri26 tri27 tri28 tri30 tri32 tri58 tri61 tri62 tri63 tri64
neighbors tri30 tri7 tri8 tri9 tri27 tri29 tri31 tri32 tri33 tri61 tri62 tri63 tri64
neighbors tri31 tri8 tri9 tri10 tri30 tri32 tri33 tri34 tri35 tri65 tri66 tri67 tri68
neighbors tri32 tri8 tri9 tri27 tri29 tri30 tri31 tri33 tri61 tri62 tri63 tri64 tri65
neighbors tri33 tri8 tri9 tri30 tri31 tri32 tri35 tri62 tri65 tri66 tri67 tri68
neighbors tri34 tri9 tri10 tri11 tri31 tri35 tri36 tri37 tri66 tri69
neighbors tri35 tri9 tri10 tri31 tri33 tri34 tri37 tri65 tri66 tri67 tri68 tri69
neighbors tri36 tri10 tri11 tri12 tri34 tri37 tri38 tri39 tri69 tri70 tri71 tri72
neighbors tri37 tri10 tri11 tri34 tri35 tri36 tri39 tri66 tri69 tri70 tri71 tri72
neighbors tri38 tri11 tri12 tri13 tri36 tri39 tri40 tri41 tri70 tri73
neighbors tri39 tri11 tri12 tri36 tri37 tri38 tri41 tri69 tri70 tri71 tri72 tri73
neighbors tri40 tri12 tri13 tri14 tri38 tri41 tri42 tri44 tri73 tri74 tri75 tri76
neighbors tri41 tri12 tri13 tri38 tri39 tri40 tri42 tri44 tri70 tri73 tri74 tri75 tri76
neighbors tri42 tri13 tri14 tri15 tri40 tri41 tri43 tri44 tri45 tri73 tri74 tri75 tri76
neighbors tri43 tri14 tri15 tri16 tri42 tri44 tri45 tri46 tri47 tri77 tri78 tri79 tri80
neighbors tri44 tri14 tri15 tri40 tri41 tri42 tri43 tri45 tri73 tri74 tri75 tri76 tri77
neighbors tri45 tri14 tri15 tri42 tri43 tri44 tri47 tri74 tri77 tri78 tri79 tri80
neighbors tri46 tri2 tri15 tri16 tri18 tri43 tri47 tri48 tri50 tri78
neighbors tri47 tri15 tri16 tri43 tri45 tri46 tri48 tri50 tri77 tri78 tri79 tri80
neighbors tri48 tri2 tri16 tri18 tri19 tri46 tri47 tri49 tri50 tri51 tri52 tri78
neighbors tri49 tri17 tri18 tri19 tri21 tri48 tri50 tri51 tri52 tri53 tri54 tri81 tri84
neighbors tri50 tri18 tri19 tri46 tri47 tri48 tri49 tri51 tri52 tri78 tri80 tri82 tri109 tri111 tri112
neighbors tri51 tri18 tri19 tri48 tri49 tri50 tri52 tri54 tri81 tri82 tri83 tri84
neighbors tri52 tri18 tri19 tri48 tri49 tri50 tri51 tri78 tri80 tri81 tri82 tri83 tri109 tri111 tri112
neighbors tri53 tri17 tri19 tri20 tri21 tri23 tri49 tri54 tri55 tri56 tri84 tri85 tri86 tri87
neighbors tri54 tri17 tri19 tri21 tri49 tri51 tri53 tri56 tri81 tri84 tri85 tri86 tri87
neighbors tri55 tri20 tri21 tri22 tri23 tri25 tri53 tri56 tri57 tri59 tri85 tri88 tri89
neighbors tri56 tri20 tri21 tri23 tri53 tri54 tri55 tri57 tri59 tri84 tri85 tri86 tri87 tri88 tri89
neighbors tri57 tri22 tri23 tri24 tri25 tri26 tri28 tri55 tri56 tri58 tri59 tri60 tri85 tri88 tri89
neighbors tri58 tri24 tri25 tri26 tri28 tri29 tri57 tri59 tri60 tri61 tri63 tri90 tri91 tri92 tri93
neighbors tri59 tri24 tri25 tri26 tri28 tri55 tri56 tri57 tri58 tri60 tri85 tri88 tri89 tri90
neighbors tri60 tri24 tri25 tri26 tri28 tri57 tri58 tri59 tri61 tri63 tri88 tri90 tri91 tri92 tri93
neighbors tri61 tri27 tri28 tri29 tri30 tri32 tri58 tri60 tri62 tri63 tri64 tri90 tri91 tri92 tri93
neighbors tri62 tri27 tri29 tri30 tri32 tri33 tri61 tri63 tri64 tri65 tri67 tri94 tri95 tri96 tri97
neighbors tri63 tri27 tri29 tri30 tri32 tri58 tri60 tri61 tri62 tri64 tri90 tri91 tri92 tri93 tri94
neighbors tri64 tri27 tri29 tri30 tri32 tri61 tri62 tri63 tri65 tri67 tri91 tri94 tri95 tri96 tri97
neighbors tri65 tri31 tri32 tri33 tri35 tri62 tri64 tri66 tri67 tri68 tri94 tri95 tri96 tri97
neighbors tri66 tri31 tri33 tri34 tri35 tri37 tri65 tri67 tri68 tri69 tri71 tri98 tri100
neighbors tri67 tri31 tri33 tri35 tri62 tri64 tri65 tri66 tri68 tri94 tri95 tri96 tri97 tri98 tri99
neighbors tri68 tri31 tri33 tri35 tri65 tri66 tri67 tri69 tri71 tri95 tri98 tri99 tri100
neighbors tri69 tri34 tri35 tri36 tri37 tri39 tri66 tri68 tri70 tri71 tri72 tri98 tri100
neighbors tri70 tri36 tri37 tri38 tri39 tri41 tri69 tri71 tri72 tri73 tri75 tri101 tri103 tri104
neighbors tri71 tri36 tri37 tri39 tri66 tri68 tri69 tri70 tri72 tri98 tri100 tri101 tri102
neighbors tri72 tri36 tri37 tri39 tri69 tri70 tri71 tri73 tri75 tri100 tri101 tri102 tri103 tri104
neighbors tri73 tri38 tri39 tri40 tri41 tri42 tri44 tri70 tri72 tri74 tri75 tri76 tri101 tri103 tri104
neighbors tri74 tri40 tri41 tri42 tri44 tri45 tri73 tri75 tri76 tri77 tri79 tri105 tri107 tri108
neighbors tri75 tri40 tri41 tri42 tri44 tri70 tri72 tri73 tri74 tri76 tri101 tri103 tri104 tri105 tri106
neighbors tri76 tri40 tri41 tri42 tri44 tri73 tri74 tri75 tri77 tri79 tri103 tri105 tri106 tri107 tri108
neighbors tri77 tri43 tri44 tri45 tri47 tri74 tri76 tri78 tri79 tri80 tri105 tri107 tri108
neighbors tri78 tri43 tri45 tri46 tri47 tri48 tri50 tri52 tri77 tri79 tri80 tri82 tri109 tri111 tri112
neighbors tri79 tri43 tri45 tri47 tri74 tri76 tri77 tri78 tri80 tri105 tri107 tri108 tri109 tri110
neighbors tri80 tri43 tri45 tri47 tri50 tri52 tri77 tri78 tri79 tri82 tri107 tri109 tri110 tri111 tri112
neighbors tri81 tri49 tri51 tri52 tri54 tri82 tri83 tri84 tri86 tri113 tri115 tri116 tri117
neighbors tri82 tri50 tri51 tri52 tri78 tri80 tri81 tri83 tri109 tri111 tri112 tri113 tri114
neighbors tri83 tri51 tri52 tri81 tri82 tri84 tri86 tri111 tri113 tri114 tri115 tri116 tri117
neighbors tri84 tri49 tri51 tri53 tri54 tri56 tri81 tri83 tri85 tri86 tri87 tri113 tri115 tri116 tri117
neighbors tri85 tri53 tri54 tri55 tri56 tri57 tri59 tri84 tri86 tri87 tri88 tri89 tri118 tri120 tri121
neighbors tri86 tri53 tri54 tri56 tri81 tri83 tri84 tri85 tri87 tri113 tri115 tri116 tri117 tri118 tri119
neighbors tri87 tri53 tri54 tri56 tri84 tri85 tri86 tri89 tri115 tri118 tri119 tri120 tri121
neighbors tri88 tri55 tri56 tri57 tri59 tri60 tri85 tri89 tri90 tri92 tri120 tri122 tri123
neighbors tri89 tri55 tri56 tri57 tri59 tri85 tri87 tri88 tri90 tri92 tri118 tri120 tri121 tri122 tri123
neighbors tri90 tri58 tri59 tri60 tri61 tri63 tri88 tri89 tri91 tri92 tri93 tri120 tri122 tri123
neighbors tri91 tri58 tri60 tri61 tri63 tri64 tri90 tri92 tri93 tri94 tri96 tri124 tri125 tri126 tri127
neighbors tri92 tri58 tri60 tri61 tri63 tri88 tri89 tri90 tri91 tri93 tri120 tri122 tri123 tri124
neighbors tri93 tri58 tri60 tri61 tri63 tri90 tri91 tri92 tri94 tri96 tri122 tri124 tri125 tri126 tri127
neighbors tri94 tri62 tri63 tri64 tri65 tri67 tri91 tri93 tri95 tri96 tri97 tri124 tri125 tri126 tri127
neighbors tri95 tri62 tri64 tri65 tri67 tri68 tri94 tri96 tri97 tri98 tri99 tri128 tri130
neighbors tri96 tri62 tri64 tri65 tri67 tri91 tri93 tri94 tri95 tri97 tri124 tri125 tri126 tri127 tri128 tri129
neighbors tri97 tri62 tri64 tri65 tri67 tri94 tri95 tri96 tri99 tri125 tri128 tri129 tri130
neighbors tri98 tri66 tri67 tri68 tri69 tri71 tri95 tri99 tri100 tri102 tri130 tri131 tri132 tri133
neighbors tri99 tri67 tri68 tri95 tri97 tri98 tri100 tri102 tri128 tri130 tri131 tri132 tri133
neighbors tri100 tri66 tri68 tri69 tri71 tri72 tri98 tri99 tri101 tri102 tri130 tri131 tri132 tri133
neighbors tri101 tri70 tri71 tri72 tri73 tri75 tri100 tri102 tri103 tri104 tri131 tri134
neighbors tri102 tri71 tri72 tri98 tri99 tri100 tri101 tri104 tri130 tri131 tri132 tri133 tri134
neighbors tri103 tri70 tri72 tri73 tri75 tri76 tri101 tri104 tri105 tri106 tri134 tri135 tri136
neighbors tri104 tri70 tri72 tri73 tri75 tri101 tri102 tri103 tri106 tri131 tri134 tri135 tri136
neighbors tri105 tri74 tri75 tri76 tri77 tri79 tri103 tri106 tri107 tri108 tri135 tri137 tri138
neighbors tri106 tri75 tri76 tri103 tri104 tri105 tri108 tri134 tri135 tri136 tri137 tri138
neighbors tri107 tri74 tri76 tri77 tri79 tri80 tri105 tri108 tri109 tri110 tri137 tri139 tri140 tri141
neighbors tri108 tri74 tri76 tri77 tri79 tri105 tri106 tri107 tri110 tri135 tri137 tri138 tri139 tri140 tri141
neighbors tri109 tri50 tri52 tri78 tri79 tri80 tri82 tri107 tri110 tri111 tri112 tri139 tri142 tri143
neighbors tri110 tri79 tri80 tri107 tri108 tri109 tri112 tri137 tri139 tri140 tri141 tri142 tri143
neighbors tri111 tri50 tri52 tri78 tri80 tri82 tri83 tri109 tri112 tri113 tri114 tri142 tri144
neighbors tri112 tri50 tri52 tri78 tri80 tri82 tri109 tri110 tri111 tri114 tri139 tri142 tri143 tri144
neighbors tri113 tri81 tri82 tri83 tri84 tri86 tri111 tri114 tri115 tri116 tri117 tri144 tri145 tri146 tri147 tri148
neighbors tri114 tri82 tri83 tri111 tri112 tri113 tri116 tri142 tri144 tri145 tri146 tri147 tri148
neighbors tri115 tri81 tri83 tri84 tri86 tri87 tri113 tri116 tri117 tri118 tri119 tri149 tri150 tri151
neighbors tri116 tri81 tri83 tri84 tri86 tri113 tri114 tri115 tri117 tri144 tri145 tri146 tri147 tri148 tri149
neighbors tri117 tri81 tri83 tri84 tri86 tri113 tri115 tri116 tri119 tri145 tri149 tri150 tri151
neighbors tri118 tri85 tri86 tri87 tri89 tri115 tri119 tri120 tri121 tri150 tri152 tri153
neighbors tri119 tri86 tri87 tri115 tri117 tri118 tri121 tri149 tri150 tri151 tri152 tri153
neighbors tri120 tri85 tri87 tri88 tri89 tri90 tri92 tri118 tri121 tri122 tri123 tri152 tri154 tri155
neighbors tri121 tri85 tri87 tri89 tri118 tri119 tri120 tri123 tri150 tri152 tri153 tri154 tri155
neighbors tri122 tri88 tri89 tri90 tri92 tri93 tri120 tri123 tri124 tri126 tri154 tri156 tri157
neighbors tri123 tri88 tri89 tri90 tri92 tri120 tri121 tri122 tri124 tri126 tri152 tri154 tri155 tri156 tri157
neighbors tri124 tri91 tri92 tri93 tri94 tri96 tri122 tri123 tri125 tri126 tri127 tri154 tri156 tri157
neighbors tri125 tri91 tri93 tri94 tri96 tri97 tri124 tri126 tri127 tri128 tri129 tri158 tri161
neighbors tri126 tri91 tri93 tri94 tri96 tri122 tri123 tri124 tri125 tri127 tri154 tri156 tri157 tri158 tri159 tri160
neighbors tri127 tri91 tri93 tri94 tri96 tri124 tri125 tri126 tri129 tri156 tri158 tri159 tri160 tri161
neighbors tri128 tri95 tri96 tri97 tri99 tri125 tri129 tri130 tri132 tri161 tri162 tri163 tri164
neighbors tri129 tri96 tri97 tri125 tri127 tri128 tri130 tri132 tri158 tri161 tri162 tri163 tri164
neighbors tri130 tri95 tri97 tri98 tri99 tri100 tri102 tri128 tri129 tri131 tri132 tri133 tri161 tri162 tri163 tri164
neighbors tri131 tri98 tri99 tri100 tri101 tri102 tri104 tri130 tri132 tri133 tri134 tri136 tri165 tri167
neighbors tri132 tri98 tri99 tri100 tri102 tri128 tri129 tri130 tri131 tri133 tri161 tri162 tri163 tri164 tri165 tri166
neighbors tri133 tri98 tri99 tri100 tri102 tri130 tri131 tri132 tri134 tri136 tri162 tri165 tri166 tri167
neighbors tri134 tri101 tri102 tri103 tri104 tri106 tri131 tri133 tri135 tri136 tri165 tri167
neighbors tri135 tri103 tri104 tri105 tri106 tri108 tri134 tri136 tri137 tri138 tri167 tri168 tri169
neighbors tri136 tri103 tri104 tri106 tri131 tri133 tri134 tri135 tri138 tri165 tri167 tri168 tri169
neighbors tri137 tri105 tri106 tri107 tri108 tri110 tri135 tri138 tri139 tri140 tri141 tri168 tri170 tri171 tri172
neighbors tri138 tri105 tri106 tri108 tri135 tri136 tri137 tri140 tri167 tri168 tri169 tri170 tri171 tri172
neighbors tri139 tri107 tri108 tri109 tri110 tri112 tri137 tri140 tri141 tri142 tri143 tri173 tri174 tri175
neighbors tri140 tri107 tri108 tri110 tri137 tri138 tri139 tri141 tri168 tri170 tri171 tri172 tri173
neighbors tri141 tri107 tri108 tri110 tri137 tri139 tri140 tri143 tri170 tri173 tri174 tri175
neighbors tri142 tri109 tri110 tri111 tri112 tri114 tri139 tri143 tri144 tri146 tri174 tri176
neighbors tri143 tri109 tri110 tri112 tri139 tri141 tri142 tri144 tri146 tri173 tri174 tri175 tri176
neighbors tri144 tri111 tri112 tri113 tri114 tri116 tri142 tri143 tri145 tri146 tri147 tri148 tri174 tri176
neighbors tri145 tri113 tri114 tri116 tri117 tri144 tri146 tri147 tri148 tri149 tri151 tri177 tri179 tri180 tri181
neighbors tri146 tri113 tri114 tri116 tri142 tri143 tri144 tri145 tri147 tri148 tri174 tri176 tri178 tri206 tri207 tri208
neighbors tri147 tri113 tri114 tri116 tri144 tri145 tri146 tri148 tri149 tri151 tri177 tri178 tri179 tri180 tri181
neighbors tri148 tri113 tri114 tri116 tri144 tri145 tri146 tri147 tri176 tri177 tri178 tri206 tri207 tri208
neighbors tri149 tri115 tri116 tri117 tri119 tri145 tri147 tri150 tri151 tri177 tri179 tri180 tri181
neighbors tri150 tri115 tri117 tri118 tri119 tri121 tri149 tri151 tri152 tri153 tri179 tri182
neighbors tri151 tri115 tri117 tri119 tri145 tri147 tri149 tri150 tri153 tri177 tri179 tri180 tri181 tri182
neighbors tri152 tri118 tri119 tri120 tri121 tri123 tri150 tri153 tri154 tri155 tri182 tri183 tri184
neighbors tri153 tri118 tri119 tri121 tri150 tri151 tri152 tri155 tri179 tri182 tri183 tri184
neighbors tri154 tri120 tri121 tri122 tri123 tri124 tri126 tri152 tri155 tri156 tri157 tri183 tri185 tri186
neighbors tri155 tri120 tri121 tri123 tri152 tri153 tri154 tri157 tri182 tri183 tri184 tri185 tri186
neighbors tri156 tri122 tri123 tri124 tri126 tri127 tri154 tri157 tri158 tri159 tri160 tri185 tri187 tri188 tri189
neighbors tri157 tri122 tri123 tri124 tri126 tri154 tri155 tri156 tri159 tri183 tri185 tri186 tri187 tri188 tri189
neighbors tri158 tri125 tri126 tri127 tri129 tri156 tri159 tri160 tri161 tri163 tri190 tri191 tri192
neighbors tri159 tri126 tri127 tri156 tri157 tri158 tri160 tri185 tri187 tri188 tri189 tri190
neighbors tri160 tri126 tri127 tri156 tri158 tri159 tri161 tri163 tri187 tri190 tri191 tri192
neighbors tri161 tri125 tri127 tri128 tri129 tri130 tri132 tri158 tri160 tri162 tri163 tri164 tri190 tri191 tri192
neighbors tri162 tri128 tri129 tri130 tri132 tri133 tri161 tri163 tri164 tri165 tri166 tri193 tri195 tri196 tri197
neighbors tri163 tri128 tri129 tri130 tri132 tri158 tri160 tri161 tri162 tri164 tri190 tri191 tri192 tri193 tri194
neighbors tri164 tri128 tri129 tri130 tri132 tri161 tri162 tri163 tri166 tri191 tri193 tri194 tri195 tri196 tri197
neighbors tri165 tri131 tri132 tri133 tri134 tri136 tri162 tri166 tri167 tri169 tri195 tri198
neighbors tri166 tri132 tri133 tri162 tri164 tri165 tri167 tri169 tri193 tri195 tri196 tri197 tri198
neighbors tri167 tri131 tri133 tri134 tri135 tri136 tri138 tri165 tri166 tri168 tri169 tri195 tri198
neighbors tri168 tri135 tri136 tri137 tri138 tri140 tri167 tri169 tri170 tri171 tri172 tri198 tri199 tri200
neighbors tri169 tri135 tri136 tri138 tri165 tri166 tri167 tri168 tri171 tri195 tri198 tri199 tri200
neighbors tri170 tri137 tri138 tri140 tri141 tri168 tri171 tri172 tri173 tri175 tri201 tri203 tri204 tri205
neighbors tri171 tri137 tri138 tri140 tri168 tri169 tri170 tri172 tri198 tri199 tri200 tri201 tri202
neighbors tri172 tri137 tri138 tri140 tri168 tri170 tri171 tri173 tri175 tri199 tri201 tri202 tri203 tri204 tri205
neighbors tri173 tri139 tri140 tri141 tri143 tri170 tri172 tri174 tri175 tri201 tri203 tri204 tri205
neighbors tri174 tri139 tri141 tri142 tri143 tri144 tri146 tri173 tri175 tri176 tri203 tri206
neighbors tri175 tri139 tri141 tri143 tri170 tri172 tri173 tri174 tri176 tri201 tri203 tri204 tri205 tri206
neighbors tri176 tri142 tri143 tri144 tri146 tri148 tri174 tri175 tri178 tri203 tri206 tri207 tri208
neighbors tri177 tri145 tri147 tri148 tri149 tri151 tri178 tri179 tri180 tri181 tri207 tri209 tri210 tri211 tri212
neighbors tri178 tri146 tri147 tri148 tri176 tri177 tri180 tri206 tri207 tri208 tri209 tri210 tri211 tri212
neighbors tri179 tri145 tri147 tri149 tri150 tri151 tri153 tri177 tri180 tri181 tri182 tri184 tri213 tri215 tri216
neighbors tri180 tri145 tri147 tri149 tri151 tri177 tri178 tri179 tri181 tri207 tri209 tri210 tri211 tri212 tri213 tri214
neighbors tri181 tri145 tri147 tri149 tri151 tri177 tri179 tri180 tri182 tri184 tri209 tri213 tri214 tri215 tri216
neighbors tri182 tri150 tri151 tri152 tri153 tri155 tri179 tri181 tri183 tri184 tri213 tri215 tri216
neighbors tri183 tri152 tri153 tri154 tri155 tri157 tri182 tri184 tri185 tri186 tri215 tri217 tri218
neighbors tri184 tri152 tri153 tri155 tri179 tri181 tri182 tri183 tri186 tri213 tri215 tri216 tri217 tri218
neighbors tri185 tri154 tri155 tri156 tri157 tri159 tri183 tri186 tri187 tri188 tri189 tri217 tri219 tri220
neighbors tri186 tri154 tri155 tri157 tri183 tri184 tri185 tri188 tri215 tri217 tri218 tri219 tri220
neighbors tri187 tri156 tri157 tri159 tri160 tri185 tri188 tri189 tri190 tri192 tri221 tri223
neighbors tri188 tri156 tri157 tri159 tri185 tri186 tri187 tri189 tri217 tri219 tri220 tri221 tri222
neighbors tri189 tri156 tri157 tri159 tri185 tri187 tri188 tri190 tri192 tri219 tri221 tri222 tri223
neighbors tri190 tri158 tri159 tri160 tri161 tri163 tri187 tri189 tri191 tri192 tri221 tri223
neighbors tri191 tri158 tri160 tri161 tri163 tri164 tri190 tri192 tri193 tri194 tri223 tri224 tri225
neighbors tri192 tri158 tri160 tri161 tri163 tri187 tri189 tri190 tri191 tri194 tri221 tri223 tri224 tri225
neighbors tri193 tri162 tri163 tri164 tri166 tri191 tri194 tri195 tri196 tri197 tri224 tri226 tri227 tri228
neighbors tri194 tri163 tri164 tri191 tri192 tri193 tri196 tri223 tri224 tri225 tri226 tri227 tri228
neighbors tri195 tri162 tri164 tri165 tri166 tri167 tri169 tri193 tri196 tri197 tri198 tri200 tri229 tri231
neighbors tri196 tri162 tri164 tri166 tri193 tri194 tri195 tri197 tri224 tri226 tri227 tri228 tri229 tri230
neighbors tri197 tri162 tri164 tri166 tri193 tri195 tri196 tri198 tri200 tri226 tri229 tri230 tri231
neighbors tri198 tri165 tri166 tri167 tri168 tri169 tri171 tri195 tri197 tri199 tri200 tri229 tri231
neighbors tri199 tri168 tri169 tri171 tri172 tri198 tri200 tri201 tri202 tri231 tri232 tri233
neighbors tri200 tri168 tri169 tri171 tri195 tri197 tri198 tri199 tri202 tri229 tri231 tri232 tri233
neighbors tri201 tri170 tri171 tri172 tri173 tri175 tri199 tri202 tri203 tri204 tri205 tri232 tri234 tri235 tri236
neighbors tri202 tri171 tri172 tri199 tri200 tri201 tri204 tri231 tri232 tri233 tri234 tri235 tri236
neighbors tri203 tri170 tri172 tri173 tri174 tri175 tri176 tri201 tri204 tri205 tri206 tri208 tri237 tri239
neighbors tri204 tri170 tri172 tri173 tri175 tri201 tri202 tri203 tri205 tri232 tri234 tri235 tri236 tri237 tri238
neighbors tri205 tri170 tri172 tri173 tri175 tri201 tri203 tri204 tri206 tri208 tri234 tri237 tri238 tri239
neighbors tri206 tri146 tri148 tri174 tri175 tri176 tri178 tri203 tri205 tri207 tri208 tri237 tri239
neighbors tri207 tri146 tri148 tri176 tri177 tri178 tri180 tri206 tri208 tri209 tri210 tri211 tri212 tri239 tri240
neighbors tri208 tri146 tri148 tri176 tri178 tri203 tri205 tri206 tri207 tri210 tri237 tri239 tri240
neighbors tri209 tri177 tri178 tri180 tri181 tri207 tri210 tri211 tri212 tri213 tri214 tri241 tri243 tri244
neighbors tri210 tri177 tri178 tri180 tri207 tri208 tri209 tri211 tri212 tri239 tri240 tri242 tri269 tri272
neighbors tri211 tri177 tri178 tri180 tri207 tri209 tri210 tri212 tri214 tri241 tri242 tri243 tri244
neighbors tri212 tri177 tri178 tri180 tri207 tri209 tri210 tri211 tri240 tri241 tri242 tri269 tri272
neighbors tri213 tri179 tri180 tri181 tri182 tri184 tri209 tri214 tri215 tri216 tri243 tri245 tri246
neighbors tri214 tri180 tri181 tri209 tri211 tri213 tri216 tri241 tri243 tri244 tri245 tri246
neighbors tri215 tri179 tri181 tri182 tri183 tri184 tri186 tri213 tri216 tri217 tri218 tri245 tri247 tri248
neighbors tri216 tri179 tri181 tri182 tri184 tri213 tri214 tri215 tri218 tri243 tri245 tri246 tri247 tri248
neighbors tri217 tri183 tri184 tri185 tri186 tri188 tri215 tri218 tri219 tri220 tri247 tri249 tri250
neighbors tri218 tri183 tri184 tri186 tri215 tri216 tri217 tri220 tri245 tri247 tri248 tri249 tri250
neighbors tri219 tri185 tri186 tri188 tri189 tri217 tri220 tri221 tri222 tri249 tri251 tri252
neighbors tri220 tri185 tri186 tri188 tri217 tri218 tri219 tri222 tri247 tri249 tri250 tri251 tri252
neighbors tri221 tri187 tri188 tri189 tri190 tri192 tri219 tri222 tri223 tri225 tri251 tri253 tri254 tri255
neighbors tri222 tri188 tri189 tri219 tri220 tri221 tri223 tri225 tri249 tri251 tri252 tri253 tri254 tri255
neighbors tri223 tri187 tri189 tri190 tri191 tri192 tri194 tri221 tri222 tri224 tri225 tri251 tri253 tri254 tri255
neighbors tri224 tri191 tri192 tri193 tri194 tri196 tri223 tri225 tri226 tri227 tri228 tri253 tri256 tri257
neighbors tri225 tri191 tri192 tri194 tri221 tri222 tri223 tri224 tri227 tri251 tri253 tri254 tri255 tri256 tri257
neighbors tri226 tri193 tri194 tri196 tri197 tri224 tri227 tri228 tri229 tri230 tri258 tri259 tri260
neighbors tri227 tri193 tri194 tri196 tri224 tri225 tri226 tri228 tri253 tri256 tri257 tri258
neighbors tri228 tri193 tri194 tri196 tri224 tri226 tri227 tri230 tri256 tri258 tri259 tri260
neighbors tri229 tri195 tri196 tri197 tri198 tri200 tri226 tri230 tri231 tri233 tri259 tri261 tri262 tri263
neighbors tri230 tri196 tri197 tri226 tri228 tri229 tri231 tri233 tri258 tri259 tri260 tri261 tri262 tri263
neighbors tri231 tri195 tri197 tri198 tri199 tri200 tri202 tri229 tri230 tri232 tri233 tri259 tri261 tri262 tri263
neighbors tri232 tri199 tri200 tri201 tri202 tri204 tri231 tri233 tri234 tri235 tri236 tri261 tri264 tri265
neighbors tri233 tri199 tri200 tri202 tri229 tri230 tri231 tri232 tri235 tri259 tri261 tri262 tri263 tri264 tri265
neighbors tri234 tri201 tri202 tri204 tri205 tri232 tri235 tri236 tri237 tri238 tri266 tri267 tri268
neighbors tri235 tri201 tri202 tri204 tri232 tri233 tri234 tri236 tri261 tri264 tri265 tri266
neighbors tri236 tri201 tri202 tri204 tri232 tri234 tri235 tri238 tri264 tri266 tri267 tri268
neighbors tri237 tri203 tri204 tri205 tri206 tri208 tri234 tri238 tri239 tri240 tri267 tri269 tri270 tri271
neighbors tri238 tri204 tri205 tri234 tri236 tri237 tri239 tri240 tri266 tri267 tri268 tri269 tri270 tri271
neighbors tri239 tri203 tri205 tri206 tri207 tri208 tri210 tri237 tri238 tri240 tri267 tri269 tri270 tri271
neighbors tri240 tri207 tri208 tri210 tri212 tri237 tri238 tri239 tri242 tri267 tri269 tri270 tri271 tri272
neighbors tri241 tri209 tri211 tri212 tri214 tri242 tri243 tri244 tri272 tri273 tri274 tri275 tri276
neighbors tri242 tri210 tri211 tri212 tri240 tri241 tri244 tri269 tri272 tri273 tri274 tri275 tri276
neighbors tri243 tri209 tri211 tri213 tri214 tri216 tri241 tri244 tri245 tri246 tri273 tri277
neighbors tri244 tri209 tri211 tri214 tri241 tri242 tri243 tri246 tri272 tri273 tri274 tri275 tri276 tri277
neighbors tri245 tri213 tri214 tri215 tri216 tri218 tri243 tri246 tri247 tri248 tri277 tri278 tri279 tri280
neighbors tri246 tri213 tri214 tri216 tri243 tri244 tri245 tri248 tri273 tri277 tri278 tri279 tri280
neighbors tri247 tri215 tri216 tri217 tri218 tri220 tri245 tri248 tri249 tri250 tri278 tri281 tri282
neighbors tri248 tri215 tri216 tri218 tri245 tri246 tri247 tri250 tri277 tri278 tri279 tri280 tri281 tri282
neighbors tri249 tri217 tri218 tri219 tri220 tri222 tri247 tri250 tri251 tri252 tri281 tri283 tri284
neighbors tri250 tri217 tri218 tri220 tri247 tri248 tri249 tri252 tri278 tri281 tri282 tri283 tri284
neighbors tri251 tri219 tri220 tri221 tri222 tri223 tri225 tri249 tri252 tri253 tri254 tri255 tri283 tri285
neighbors tri252 tri219 tri220 tri222 tri249 tri250 tri251 tri254 tri281 tri283 tri284 tri285
neighbors tri253 tri221 tri222 tri223 tri224 tri225 tri227 tri251 tri254 tri255 tri256 tri257 tri286 tri289 tri290
neighbors tri254 tri221 tri222 tri223 tri225 tri251 tri252 tri253 tri255 tri283 tri285 tri286 tri287 tri288
neighbors tri255 tri221 tri222 tri223 tri225 tri251 tri253 tri254 tri257 tri285 tri286 tri287 tri288 tri289 tri290
neighbors tri256 tri224 tri225 tri227 tri228 tri253 tri257 tri258 tri260 tri289 tri291 tri292
neighbors tri257 tri224 tri225 tri227 tri253 tri255 tri256 tri258 tri260 tri286 tri289 tri290 tri291 tri292
neighbors tri258 tri226 tri227 tri228 tri230 tri256 tri257 tri259 tri260 tri289 tri291 tri292
neighbors tri259 tri226 tri228 tri229 tri230 tri231 tri233 tri258 tri260 tri261 tri262 tri263 tri291 tri293
neighbors tri260 tri226 tri228 tri230 tri256 tri257 tri258 tri259 tri262 tri289 tri291 tri292 tri293
neighbors tri261 tri229 tri230 tri231 tri232 tri233 tri235 tri259 tri262 tri263 tri264 tri265 tri294 tri297 tri298
neighbors tri262 tri229 tri230 tri231 tri233 tri259 tri260 tri261 tri263 tri291 tri293 tri294 tri295 tri296
neighbors tri263 tri229 tri230 tri231 tri233 tri259 tri261 tri262 tri265 tri293 tri294 tri295 tri296 tri297 tri298
neighbors tri264 tri232 tri233 tri235 tri236 tri261 tri265 tri266 tri268 tri297 tri299 tri300
neighbors tri265 tri232 tri233 tri235 tri261 tri263 tri264 tri266 tri268 tri294 tri297 tri298 tri299 tri300
neighbors tri266 tri234 tri235 tri236 tri238 tri264 tri265 tri267 tri268 tri297 tri299 tri300
neighbors tri267 tri234 tri236 tri237 tri238 tri239 tri240 tri266 tri268 tri269 tri270 tri271 tri299 tri301
neighbors tri268 tri234 tri236 tri238 tri264 tri265 tri266 tri267 tri270 tri297 tri299 tri300 tri301
neighbors tri269 tri210 tri212 tri237 tri238 tri239 tri240 tri242 tri267 tri270 tri271 tri272 tri274 tri302
neighbors tri270 tri237 tri238 tri239 tri240 tri267 tri268 tri269 tri271 tri299 tri301 tri302 tri303 tri304
neighbors tri271 tri237 tri238 tri239 tri240 tri267 tri269 tri270 tri272 tri274 tri301 tri302 tri303 tri304
neighbors tri272 tri210 tri212 tri240 tri241 tri242 tri244 tri269 tri271 tri273 tri274 tri275 tri276 tri302
neighbors tri273 tri241 tri242 tri243 tri244 tri246 tri272 tri274 tri275 tri276 tri277 tri279 tri305 tri307 tri308 tri309
neighbors tri274 tri241 tri242 tri244 tri269 tri271 tri272 tri273 tri275 tri276 tri302 tri304 tri306 tri334 tri336
neighbors tri275 tri241 tri242 tri244 tri272 tri273 tri274 tri276 tri277 tri279 tri305 tri306 tri307 tri308 tri309
neighbors tri276 tri241 tri242 tri244 tri272 tri273 tri274 tri275 tri302 tri304 tri305 tri306 tri334 tri336
neighbors tri277 tri243 tri244 tri245 tri246 tri248 tri273 tri275 tri278 tri279 tri280 tri305 tri307 tri308 tri309
neighbors tri278 tri245 tri246 tri247 tri248 tri250 tri277 tri279 tri280 tri281 tri282 tri310 tri312 tri313
neighbors tri279 tri245 tri246 tri248 tri273 tri275 tri277 tri278 tri280 tri305 tri307 tri308 tri309 tri310 tri311
neighbors tri280 tri245 tri246 tri248 tri277 tri278 tri279 tri282 tri307 tri310 tri311 tri312 tri313
neighbors tri281 tri247 tri248 tri249 tri250 tri252 tri278 tri282 tri283 tri284 tri312 tri314 tri315
neighbors tri282 tri247 tri248 tri250 tri278 tri280 tri281 tri284 tri310 tri312 tri313 tri314 tri315
neighbors tri283 tri249 tri250 tri251 tri252 tri254 tri281 tri284 tri285 tri287 tri314 tri316 tri317
neighbors tri284 tri249 tri250 tri252 tri281 tri282 tri283 tri285 tri287 tri312 tri314 tri315 tri316 tri317
neighbors tri285 tri251 tri252 tri254 tri255 tri283 tri284 tri286 tri287 tri288 tri314 tri316 tri317
neighbors tri286 tri253 tri254 tri255 tri257 tri285 tri287 tri288 tri289 tri290 tri318 tri319 tri320 tri321
neighbors tri287 tri254 tri255 tri283 tri284 tri285 tri286 tri288 tri314 tri316 tri317 tri318
neighbors tri288 tri254 tri255 tri285 tri286 tri287 tri290 tri316 tri318 tri319 tri320 tri321
neighbors tri289 tri253 tri255 tri256 tri257 tri258 tri260 tri286 tri290 tri291 tri292 tri319 tri322
neighbors tri290 tri253 tri255 tri257 tri286 tri288 tri289 tri292 tri318 tri319 tri320 tri321 tri322
neighbors tri291 tri256 tri257 tri258 tri259 tri260 tri262 tri289 tri292 tri293 tri295 tri322 tri323 tri324
neighbors tri292 tri256 tri257 tri258 tri260 tri289 tri290 tri291 tri293 tri295 tri319 tri322 tri323 tri324
neighbors tri293 tri259 tri260 tri262 tri263 tri291 tri292 tri294 tri295 tri296 tri322 tri323 tri324
neighbors tri294 tri261 tri262 tri263 tri265 tri293 tri295 tri296 tri297 tri298 tri325 tri328 tri329
neighbors tri295 tri262 tri263 tri291 tri292 tri293 tri294 tri296 tri322 tri323 tri324 tri325 tri326 tri327
neighbors tri296 tri262 tri263 tri293 tri294 tri295 tri298 tri323 tri325 tri326 tri327 tri328 tri329
neighbors tri297 tri261 tri263 tri264 tri265 tri266 tri268 tri294 tri298 tri299 tri300 tri328 tri330
neighbors tri298 tri261 tri263 tri265 tri294 tri296 tri297 tri300 tri325 tri328 tri329 tri330
neighbors tri299 tri264 tri265 tri266 tri267 tri268 tri270 tri297 tri300 tri301 tri303 tri330 tri331 tri332 tri333
neighbors tri300 tri264 tri265 tri266 tri268 tri297 tri298 tri299 tri301 tri303 tri328 tri330 tri331 tri332 tri333
neighbors tri301 tri267 tri268 tri270 tri271 tri299 tri300 tri302 tri303 tri304 tri330 tri331 tri332 tri333
neighbors tri302 tri269 tri270 tri271 tri272 tri274 tri276 tri301 tri303 tri304 tri306 tri334 tri336
neighbors tri303 tri270 tri271 tri299 tri300 tri301 tri302 tri304 tri330 tri331 tri332 tri333 tri334 tri335
neighbors tri304 tri270 tri271 tri274 tri276 tri301 tri302 tri303 tri306 tri331 tri334 tri335 tri336
neighbors tri305 tri273 tri275 tri276 tri277 tri279 tri306 tri307 tri308 tri309 tri336 tri337 tri338 tri339 tri340
neighbors tri306 tri274 tri275 tri276 tri302 tri304 tri305 tri308 tri334 tri336 tri337 tri338 tri339 tri340
neighbors tri307 tri273 tri275 tri277 tri279 tri280 tri305 tri308 tri309 tri310 tri311 tri341 tri342 tri343
neighbors tri308 tri273 tri275 tri277 tri279 tri305 tri306 tri307 tri309 tri336 tri337 tri338 tri339 tri340 tri341
neighbors tri309 tri273 tri275 tri277 tri279 tri305 tri307 tri308 tri311 tri337 tri341 tri342 tri343
neighbors tri310 tri278 tri279 tri280 tri282 tri307 tri311 tri312 tri313 tri342 tri344 tri345
neighbors tri311 tri279 tri280 tri307 tri309 tri310 tri313 tri341 tri342 tri343 tri344 tri345
neighbors tri312 tri278 tri280 tri281 tri282 tri284 tri310 tri313 tri314 tri315 tri344 tri346 tri347
neighbors tri313 tri278 tri280 tri282 tri310 tri311 tri312 tri315 tri342 tri344 tri345 tri346 tri347
neighbors tri314 tri281 tri282 tri283 tri284 tri285 tri287 tri312 tri315 tri316 tri317 tri346 tri348 tri349 tri350
neighbors tri315 tri281 tri282 tri284 tri312 tri313 tri314 tri317 tri344 tri346 tri347 tri348 tri349 tri350
neighbors tri316 tri283 tri284 tri285 tri287 tri288 tri314 tri317 tri318 tri320 tri348 tri351
neighbors tri317 tri283 tri284 tri285 tri287 tri314 tri315 tri316 tri318 tri320 tri346 tri348 tri349 tri350 tri351
neighbors tri318 tri286 tri287 tri288 tri290 tri316 tri317 tri319 tri320 tri321 tri348 tri351
neighbors tri319 tri286 tri288 tri289 tri290 tri292 tri318 tri320 tri321 tri322 tri324 tri352 tri354 tri355 tri356
neighbors tri320 tri286 tri288 tri290 tri316 tri317 tri318 tri319 tri321 tri348 tri351 tri352 tri353
neighbors tri321 tri286 tri288 tri290 tri318 tri319 tri320 tri322 tri324 tri351 tri352 tri353 tri354 tri355 tri356
neighbors tri322 tri289 tri290 tri291 tri292 tri293 tri295 tri319 tri321 tri323 tri324 tri352 tri354 tri355 tri356
neighbors tri323 tri291 tri292 tri293 tri295 tri296 tri322 tri324 tri325 tri326 tri327 tri354 tri357
neighbors tri324 tri291 tri292 tri293 tri295 tri319 tri321 tri322 tri323 tri326 tri352 tri354 tri355 tri356 tri357
neighbors tri325 tri294 tri295 tri296 tri298 tri323 tri326 tri327 tri328 tri329 tri358 tri361 tri362
neighbors tri326 tri295 tri296 tri323 tri324 tri325 tri327 tri354 tri357 tri358 tri359 tri360
neighbors tri327 tri295 tri296 tri323 tri325 tri326 tri329 tri357 tri358 tri359 tri360 tri361 tri362
neighbors tri328 tri294 tri296 tri297 tri298 tri300 tri325 tri329 tri330 tri332 tri361 tri363 tri364
neighbors tri329 tri294 tri296 tri298 tri325 tri327 tri328 tri330 tri332 tri358 tri361 tri362 tri363 tri364
neighbors tri330 tri297 tri298 tri299 tri300 tri301 tri303 tri328 tri329 tri331 tri332 tri333 tri361 tri363 tri364
neighbors tri331 tri299 tri300 tri301 tri303 tri304 tri330 tri332 tri333 tri334 tri335 tri365 tri366 tri367
neighbors tri332 tri299 tri300 tri301 tri303 tri328 tri329 tri330 tri331 tri333 tri361 tri363 tri364 tri365
neighbors tri333 tri299 tri300 tri301 tri303 tri330 tri331 tri332 tri335 tri363 tri365 tri366 tri367
neighbors tri334 tri274 tri276 tri302 tri303 tri304 tri306 tri331 tri335 tri336 tri338 tri366 tri368
neighbors tri335 tri303 tri304 tri331 tri333 tri334 tri336 tri338 tri365 tri366 tri367 tri368
neighbors tri336 tri274 tri276 tri302 tri304 tri305 tri306 tri308 tri334 tri335 tri337 tri338 tri339 tri340 tri366 tri368
neighbors tri337 tri305 tri306 tri308 tri309 tri336 tri338 tri339 tri340 tri341 tri343 tri369 tri372 tri373 tri374
neighbors tri338 tri305 tri306 tri308 tri334 tri335 tri336 tri337 tri339 tri340 tri366 tri368 tri370 tri399
neighbors tri339 tri305 tri306 tri308 tri336 tri337 tri338 tri340 tri341 tri343 tri369 tri370 tri371 tri372 tri373 tri374
neighbors tri340 tri305 tri306 tri308 tri336 tri337 tri338 tri339 tri368 tri369 tri370 tri371 tri399
neighbors tri341 tri307 tri308 tri309 tri311 tri337 tri339 tri342 tri343 tri369 tri372 tri373 tri374
neighbors tri342 tri307 tri309 tri310 tri311 tri313 tri341 tri343 tri344 tri345 tri372 tri375
neighbors tri343 tri307 tri309 tri311 tri337 tri339 tri341 tri342 tri345 tri369 tri372 tri373 tri374 tri375
neighbors tri344 tri310 tri311 tri312 tri313 tri315 tri342 tri345 tri346 tri347 tri375 tri376 tri377
neighbors tri345 tri310 tri311 tri313 tri342 tri343 tri344 tri347 tri372 tri375 tri376 tri377
neighbors tri346 tri312 tri313 tri314 tri315 tri317 tri344 tri347 tri348 tri349 tri350 tri376 tri378 tri379 tri380
neighbors tri347 tri312 tri313 tri315 tri344 tri345 tri346 tri349 tri375 tri376 tri377 tri378 tri379 tri380
neighbors tri348 tri314 tri315 tri316 tri317 tri318 tri320 tri346 tri349 tri350 tri351 tri353 tri381 tri382 tri383 tri384
neighbors tri349 tri314 tri315 tri317 tri346 tri347 tri348 tri350 tri376 tri378 tri379 tri380 tri381
neighbors tri350 tri314 tri315 tri317 tri346 tri348 tri349 tri351 tri353 tri378 tri381 tri382 tri383 tri384
neighbors tri351 tri316 tri317 tri318 tri320 tri321 tri348 tri350 tri352 tri353 tri381 tri382 tri383 tri384
neighbors tri352 tri319 tri320 tri321 tri322 tri324 tri351 tri353 tri354 tri355 tri356 tri382 tri385
neighbors tri353 tri320 tri321 tri348 tri350 tri351 tri352 tri355 tri381 tri382 tri383 tri384 tri385
neighbors tri354 tri319 tri321 tri322 tri323 tri324 tri326 tri352 tri355 tri356 tri357 tri359 tri386 tri388 tri389 tri390
neighbors tri355 tri319 tri321 tri322 tri324 tri352 tri353 tri354 tri356 tri382 tri385 tri386 tri387
neighbors tri356 tri319 tri321 tri322 tri324 tri352 tri354 tri355 tri357 tri359 tri385 tri386 tri387 tri388 tri389 tri390
neighbors tri357 tri323 tri324 tri326 tri327 tri354 tri356 tri358 tri359 tri360 tri386 tri388 tri389 tri390
neighbors tri358 tri325 tri326 tri327 tri329 tri357 tri359 tri360 tri361 tri362 tri391 tri393 tri394
neighbors tri359 tri326 tri327 tri354 tri356 tri357 tri358 tri360 tri386 tri388 tri389 tri390 tri391 tri392
neighbors tri360 tri326 tri327 tri357 tri358 tri359 tri362 tri388 tri391 tri392 tri393 tri394
neighbors tri361 tri325 tri327 tri328 tri329 tri330 tri332 tri358 tri362 tri363 tri364 tri393 tri395 tri396
neighbors tri362 tri325 tri327 tri329 tri358 tri360 tri361 tri364 tri391 tri393 tri394 tri395 tri396
neighbors tri363 tri328 tri329 tri330 tri332 tri333 tri361 tri364 tri365 tri367 tri395 tri397 tri398
neighbors tri364 tri328 tri329 tri330 tri332 tri361 tri362 tri363 tri365 tri367 tri393 tri395 tri396 tri397 tri398
neighbors tri365 tri331 tri332 tri333 tri335 tri363 tri364 tri366 tri367 tri395 tri397 tri398
neighbors tri366 tri331 tri333 tri334 tri335 tri336 tri338 tri365 tri367 tri368 tri397 tri399 tri400
neighbors tri367 tri331 tri333 tri335 tri363 tri364 tri365 tri366 tri368 tri395 tri397 tri398 tri399 tri400
neighbors tri368 tri334 tri335 tri336 tri338 tri340 tri366 tri367 tri370 tri397 tri399 tri400
neighbors tri369 tri337 tri339 tri340 tri341 tri343 tri370 tri371 tri372 tri373 tri374 tri401 tri402
neighbors tri370 tri338 tri339 tri340 tri368 tri369 tri371 tri399 tri400 tri402 tri430 tri431 tri432
neighbors tri371 tri339 tri340 tri369 tri370 tri373 tri399 tri400 tri401 tri402 tri430 tri431 tri432
neighbors tri372 tri337 tri339 tri341 tri342 tri343 tri345 tri369 tri373 tri374 tri375 tri377 tri403 tri405 tri406
neighbors tri373 tri337 tri339 tri341 tri343 tri369 tri371 tri372 tri374 tri401 tri402 tri403 tri404
neighbors tri374 tri337 tri339 tri341 tri343 tri369 tri372 tri373 tri375 tri377 tri401 tri403 tri404 tri405 tri406
neighbors tri375 tri342 tri343 tri344 tri345 tri347 tri372 tri374 tri376 tri377 tri403 tri405 tri406
neighbors tri376 tri344 tri345 tri346 tri347 tri349 tri375 tri377 tri378 tri379 tri380 tri405 tri407 tri408 tri409
neighbors tri377 tri344 tri345 tri347 tri372 tri374 tri375 tri376 tri379 tri403 tri405 tri406 tri407 tri408 tri409
neighbors tri378 tri346 tri347 tri349 tri350 tri376 tri379 tri380 tri381 tri383 tri410 tri411 tri412 tri413
neighbors tri379 tri346 tri347 tri349 tri376 tri377 tri378 tri380 tri405 tri407 tri408 tri409 tri410
neighbors tri380 tri346 tri347 tri349 tri376 tri378 tri379 tri381 tri383 tri407 tri410 tri411 tri412 tri413
neighbors tri381 tri348 tri349 tri350 tri351 tri353 tri378 tri380 tri382 tri383 tri384 tri410 tri411 tri412 tri413
neighbors tri382 tri348 tri350 tri351 tri352 tri353 tri355 tri381 tri383 tri384 tri385 tri387 tri414 tri415 tri416 tri417
neighbors tri383 tri348 tri350 tri351 tri353 tri378 tri380 tri381 tri382 tri384 tri410 tri411 tri412 tri413 tri414
neighbors tri384 tri348 tri350 tri351 tri353 tri381 tri382 tri383 tri385 tri387 tri411 tri414 tri415 tri416 tri417
neighbors tri385 tri352 tri353 tri355 tri356 tri382 tri384 tri386 tri387 tri414 tri415 tri416 tri417
neighbors tri386 tri354 tri355 tri356 tri357 tri359 tri385 tri387 tri388 tri389 tri390 tri415 tri418
neighbors tri387 tri355 tri356 tri382 tri384 tri385 tri386 tri389 tri414 tri415 tri416 tri417 tri418
neighbors tri388 tri354 tri356 tri357 tri359 tri360 tri386 tri389 tri390 tri391 tri392 tri419 tri422
neighbors tri389 tri354 tri356 tri357 tri359 tri386 tri387 tri388 tri390 tri415 tri418 tri419 tri420 tri421
neighbors tri390 tri354 tri356 tri357 tri359 tri386 tri388 tri389 tri392 tri418 tri419 tri420 tri421 tri422
neighbors tri391 tri358 tri359 tri360 tri362 tri388 tri392 tri393 tri394 tri422 tri423 tri424 tri425
neighbors tri392 tri359 tri360 tri388 tri390 tri391 tri394 tri419 tri422 tri423 tri424 tri425
neighbors tri393 tri358 tri360 tri361 tri362 tri364 tri391 tri394 tri395 tri396 tri423 tri426
neighbors tri394 tri358 tri360 tri362 tri391 tri392 tri393 tri396 tri422 tri423 tri424 tri425 tri426
neighbors tri395 tri361 tri362 tri363 tri364 tri365 tri367 tri393 tri396 tri397 tri398 tri426 tri427 tri428 tri429
neighbors tri396 tri361 tri362 tri364 tri393 tri394 tri395 tri398 tri423 tri426 tri427 tri428 tri429
neighbors tri397 tri363 tri364 tri365 tri366 tri367 tri368 tri395 tri398 tri399 tri400 tri427 tri430
neighbors tri398 tri363 tri364 tri365 tri367 tri395 tri396 tri397 tri400 tri426 tri427 tri428 tri429 tri430
neighbors tri399 tri338 tri340 tri366 tri367 tri368 tri370 tri371 tri397 tri400 tri402 tri430 tri431 tri432
neighbors tri400 tri366 tri367 tri368 tri370 tri371 tri397 tri398 tri399 tri402 tri427 tri430 tri431 tri432
neighbors tri401 tri369 tri371 tri373 tri374 tri402 tri403 tri404 tri431 tri433 tri434 tri435
neighbors tri402 tri369 tri370 tri371 tri373 tri399 tri400 tri401 tri404 tri430 tri431 tri432 tri433 tri434 tri435
neighbors tri403 tri372 tri373 tri374 tri375 tri377 tri401 tri404 tri405 tri406 tri433 tri436 tri437
neighbors tri404 tri373 tri374 tri401 tri402 tri403 tri406 tri431 tri433 tri434 tri435 tri436 tri437
neighbors tri405 tri372 tri374 tri375 tri376 tri377 tri379 tri403 tri406 tri407 tri408 tri409 tri436 tri438 tri439
neighbors tri406 tri372 tri374 tri375 tri377 tri403 tri404 tri405 tri408 tri433 tri436 tri437 tri438 tri439
neighbors tri407 tri376 tri377 tri379 tri380 tri405 tri408 tri409 tri410 tri412 tri440 tri442 tri443 tri444
neighbors tri408 tri376 tri377 tri379 tri405 tri406 tri407 tri409 tri436 tri438 tri439 tri440 tri441
neighbors tri409 tri376 tri377 tri379 tri405 tri407 tri408 tri410 tri412 tri438 tri440 tri441 tri442 tri443 tri444
neighbors tri410 tri378 tri379 tri380 tri381 tri383 tri407 tri409 tri411 tri412 tri413 tri440 tri442 tri443 tri444
neighbors tri411 tri378 tri380 tri381 tri383 tri384 tri410 tri412 tri413 tri414 tri416 tri445 tri446 tri447 tri448
neighbors tri412 tri378 tri380 tri381 tri383 tri407 tri409 tri410 tri411 tri413 tri440 tri442 tri443 tri444 tri445
neighbors tri413 tri378 tri380 tri381 tri383 tri410 tri411 tri412 tri414 tri416 tri442 tri445 tri446 tri447 tri448
neighbors tri414 tri382 tri383 tri384 tri385 tri387 tri411 tri413 tri415 tri416 tri417 tri445 tri446 tri447 tri448
neighbors tri415 tri382 tri384 tri385 tri386 tri387 tri389 tri414 tri416 tri417 tri418 tri420 tri449 tri450 tri451
neighbors tri416 tri382 tri384 tri385 tri387 tri411 tri413 tri414 tri415 tri417 tri445 tri446 tri447 tri448 tri449
neighbors tri417 tri382 tri384 tri385 tri387 tri414 tri415 tri416 tri418 tri420 tri446 tri449 tri450 tri451
neighbors tri418 tri386 tri387 tri389 tri390 tri415 tri417 tri419 tri420 tri421 tri449 tri450 tri451
neighbors tri419 tri388 tri389 tri390 tri392 tri418 tri420 tri421 tri422 tri424 tri452 tri454 tri455
neighbors tri420 tri389 tri390 tri415 tri417 tri418 tri419 tri421 tri449 tri450 tri451 tri452 tri453
neighbors tri421 tri389 tri390 tri418 tri419 tri420 tri422 tri424 tri450 tri452 tri453 tri454 tri455
neighbors tri422 tri388 tri390 tri391 tri392 tri394 tri419 tri421 tri423 tri424 tri425 tri452 tri454 tri455
neighbors tri423 tri391 tri392 tri393 tri394 tri396 tri422 tri424 tri425 tri426 tri428 tri456 tri458 tri459 tri460
neighbors tri424 tri391 tri392 tri394 tri419 tri421 tri422 tri423 tri425 tri452 tri454 tri455 tri456 tri457
neighbors tri425 tri391 tri392 tri394 tri422 tri423 tri424 tri426 tri428 tri454 tri456 tri457 tri458 tri459 tri460
neighbors tri426 tri393 tri394 tri395 tri396 tri398 tri423 tri425 tri427 tri428 tri429 tri456 tri458 tri459 tri460
neighbors tri427 tri395 tri396 tri397 tri398 tri400 tri426 tri428 tri429 tri430 tri432 tri461 tri462 tri463
neighbors tri428 tri395 tri396 tri398 tri423 tri425 tri426 tri427 tri429 tri456 tri458 tri459 tri460 tri461
neighbors tri429 tri395 tri396 tri398 tri426 tri427 tri428 tri430 tri432 tri458 tri461 tri462 tri463
neighbors tri430 tri370 tri371 tri397 tri398 tri399 tri400 tri402 tri427 tri429 tri431 tri432 tri461 tri462 tri463
neighbors tri431 tri370 tri371 tri399 tri400 tri401 tri402 tri404 tri430 tri432 tri433 tri434 tri435 tri462 tri464
neighbors tri432 tri370 tri371 tri399 tri400 tri402 tri427 tri429 tri430 tri431 tri434 tri461 tri462 tri463 tri464
neighbors tri433 tri401 tri402 tri403 tri404 tri406 tri431 tri434 tri435 tri436 tri437 tri465 tri466
neighbors tri434 tri401 tri402 tri404 tri431 tri432 tri433 tri435 tri462 tri464 tri466 tri480
neighbors tri435 tri401 tri402 tri404 tri431 tri433 tri434 tri437 tri464 tri465 tri466 tri480
neighbors tri436 tri403 tri404 tri405 tri406 tri408 tri433 tri437 tri438 tri439 tri465 tri467
neighbors tri437 tri403 tri404 tri406 tri433 tri435 tri436 tri439 tri465 tri466 tri467
neighbors tri438 tri405 tri406 tri408 tri409 tri436 tri439 tri440 tri441 tri467 tri468
neighbors tri439 tri405 tri406 tri408 tri436 tri437 tri438 tri441 tri465 tri467 tri468
neighbors tri440 tri407 tri408 tri409 tri410 tri412 tri438 tri441 tri442 tri443 tri444 tri468 tri469
neighbors tri441 tri408 tri409 tri438 tri439 tri440 tri443 tri467 tri468 tri469
neighbors tri442 tri407 tri409 tri410 tri412 tri413 tri440 tri443 tri444 tri445 tri447 tri470 tri471
neighbors tri443 tri407 tri409 tri410 tri412 tri440 tri441 tri442 tri444 tri468 tri469 tri470
neighbors tri444 tri407 tri409 tri410 tri412 tri440 tri442 tri443 tri445 tri447 tri469 tri470 tri471
neighbors tri445 tri411 tri412 tri413 tri414 tri416 tri442 tri444 tri446 tri447 tri448 tri470 tri471
neighbors tri446 tri411 tri413 tri414 tri416 tri417 tri445 tri447 tri448 tri449 tri451 tri472 tri473
neighbors tri447 tri411 tri413 tri414 tri416 tri442 tri444 tri445 tri446 tri448 tri470 tri471 tri472
neighbors tri448 tri411 tri413 tri414 tri416 tri445 tri446 tri447 tri449 tri451 tri471 tri472 tri473
neighbors tri449 tri415 tri416 tri417 tri418 tri420 tri446 tri448 tri450 tri451 tri472 tri473
neighbors tri450 tri415 tri417 tri418 tri420 tri421 tri449 tri451 tri452 tri453 tri473 tri474
neighbors tri451 tri415 tri417 tri418 tri420 tri446 tri448 tri449 tri450 tri453 tri472 tri473 tri474
neighbors tri452 tri419 tri420 tri421 tri422 tri424 tri450 tri453 tri454 tri455 tri474 tri475
neighbors tri453 tri420 tri421 tri450 tri451 tri452 tri455 tri473 tri474 tri475
neighbors tri454 tri419 tri421 tri422 tri424 tri425 tri452 tri455 tri456 tri457 tri475 tri476
neighbors tri455 tri419 tri421 tri422 tri424 tri452 tri453 tri454 tri457 tri474 tri475 tri476
neighbors tri456 tri423 tri424 tri425 tri426 tri428 tri454 tri457 tri458 tri459 tri460 tri476 tri477
neighbors tri457 tri424 tri425 tri454 tri455 tri456 tri459 tri475 tri476 tri477
neighbors tri458 tri423 tri425 tri426 tri428 tri429 tri456 tri459 tri460 tri461 tri463 tri478 tri479
neighbors tri459 tri423 tri425 tri426 tri428 tri456 tri457 tri458 tri460 tri476 tri477 tri478
neighbors tri460 tri423 tri425 tri426 tri428 tri456 tri458 tri459 tri461 tri463 tri477 tri478 tri479
neighbors tri461 tri427 tri428 tri429 tri430 tri432 tri458 tri460 tri462 tri463 tri478 tri479
neighbors tri462 tri427 tri429 tri430 tri431 tri432 tri434 tri461 tri463 tri464 tri479 tri480
neighbors tri463 tri427 tri429 tri430 tri432 tri458 tri460 tri461 tri462 tri464 tri478 tri479 tri480
neighbors tri464 tri431 tri432 tri434 tri435 tri462 tri463 tri466 tri479 tri480
neighbors tri465 tri433 tri435 tri436 tri437 tri439 tri466 tri467 tri468 tri469 tri470 tri471 tri472 tri473 tri474 tri475 tri476 tri477 tri478 tri479 tri480
neighbors tri466 tri433 tri434 tri435 tri437 tri464 tri465 tri467 tri468 tri469 tri470 tri471 tri472 tri473 tri474 tri475 tri476 tri477 tri478 tri479 tri480
neighbors tri467 tri436 tri437 tri438 tri439 tri441 tri465 tri466 tri468 tri469 tri470 tri471 tri472 tri473 tri474 tri475 tri476 tri477 tri478 tri479 tri480
neighbors tri468 tri438 tri439 tri440 tri441 tri443 tri465 tri466 tri467 tri469 tri470 tri471 tri472 tri473 tri474 tri475 tri476 tri477 tri478 tri479 tri480
neighbors tri469 tri440 tri441 tri443 tri444 tri465 tri466 tri467 tri468 tri470 tri471 tri472 tri473 tri474 tri475 tri476 tri477 tri478 tri479 tri480
neighbors tri470 tri442 tri443 tri444 tri445 tri447 tri465 tri466 tri467 tri468 tri469 tri471 tri472 tri473 tri474 tri475 tri476 tri477 tri478 tri479 tri480
neighbors tri471 tri442 tri444 tri445 tri447 tri448 tri465 tri466 tri467 tri468 tri469 tri470 tri472 tri473 tri474 tri475 tri476 tri477 tri478 tri479 tri480
neighbors tri472 tri446 tri447 tri448 tri449 tri451 tri465 tri466 tri467 tri468 tri469 tri470 tri471 tri473 tri474 tri475 tri476 tri477 tri478 tri479 tri480
neighbors tri473 tri446 tri448 tri449 tri450 tri451 tri453 tri465 tri466 tri467 tri468 tri469 tri470 tri471 tri472 tri474 tri475 tri476 tri477 tri478 tri479 tri480
neighbors tri474 tri450 tri451 tri452 tri453 tri455 tri465 tri466 tri467 tri468 tri469 tri470 tri471 tri472 tri473 tri475 tri476 tri477 tri478 tri479 tri480
neighbors tri475 tri452 tri453 tri454 tri455 tri457 tri465 tri466 tri467 tri468 tri469 tri470 tri471 tri472 tri473 tri474 tri476 tri477 tri478 tri479 tri480
neighbors tri476 tri454 tri455 tri456 tri457 tri459 tri465 tri466 tri467 tri468 tri469 tri470 tri471 tri472 tri473 tri474 tri475 tri477 tri478 tri479 tri480
neighbors tri477 tri456 tri457 tri459 tri460 tri465 tri466 tri467 tri468 tri469 tri470 tri471 tri472 tri473 tri474 tri475 tri476 tri478 tri479 tri480
neighbors tri478 tri458 tri459 tri460 tri461 tri463 tri465 tri466 tri467 tri468 tri469 tri470 tri471 tri472 tri473 tri474 tri475 tri476 tri477 tri479 tri480
neighbors tri479 tri458 tri460 tri461 tri462 tri463 tri464 tri465 tri466 tri467 tri468 tri469 tri470 tri471 tri472 tri473 tri474 tri475 tri476 tri477 tri478 tri480
neighbors tri480 tri434 tri435 tri462 tri463 tri464 tri465 tri466 tri467 tri468 tri469 tri470 tri471 tri472 tri473 tri474 tri475 tri476 tri477 tri478 tri479

end_file
