# Smoldyn surface data file automatically generated by wrl2smol
# input file: ellipsetop.wrl ellipsebot.wrl
# output file: ellipse_12_12.txt

max_panels tri 480

panel tri  0 0 12  2.16288 0.895894 11.7694  2.34108 0 11.7694  tri1
panel tri  0 0 12  2.34108 0 11.7694  2.16288 -0.895894 11.7694  tri2
panel tri  0 0 12  1.6554 1.6554 11.7694  2.16288 0.895894 11.7694  tri3
panel tri  0 0 12  0.895894 2.16288 11.7694  1.6554 1.6554 11.7694  tri4
panel tri  0 0 12  0 2.34108 11.7694  0.895894 2.16288 11.7694  tri5
panel tri  0 0 12  -0.895894 2.16288 11.7694  0 2.34108 11.7694  tri6
panel tri  0 0 12  -1.6554 1.6554 11.7694  -0.895894 2.16288 11.7694  tri7
panel tri  0 0 12  -2.16288 0.895894 11.7694  -1.6554 1.6554 11.7694  tri8
panel tri  0 0 12  -2.34108 0 11.7694  -2.16288 0.895894 11.7694  tri9
panel tri  0 0 12  -2.16288 -0.895894 11.7694  -2.34108 0 11.7694  tri10
panel tri  0 0 12  -1.6554 -1.6554 11.7694  -2.16288 -0.895894 11.7694  tri11
panel tri  0 0 12  -0.895894 -2.16288 11.7694  -1.6554 -1.6554 11.7694  tri12
panel tri  0 0 12  0 -2.34108 11.7694  -0.895894 -2.16288 11.7694  tri13
panel tri  0 0 12  0.895894 -2.16288 11.7694  0 -2.34108 11.7694  tri14
panel tri  0 0 12  1.6554 -1.6554 11.7694  0.895894 -2.16288 11.7694  tri15
panel tri  0 0 12  2.16288 -0.895894 11.7694  1.6554 -1.6554 11.7694  tri16
panel tri  2.34108 0 11.7694  2.16288 0.895894 11.7694  4.24264 1.75736 11.0866  tri17
panel tri  2.34108 0 11.7694  4.5922 0 11.0866  2.16288 -0.895894 11.7694  tri18
panel tri  2.34108 0 11.7694  4.24264 1.75736 11.0866  4.5922 0 11.0866  tri19
panel tri  2.16288 0.895894 11.7694  1.6554 1.6554 11.7694  3.24718 3.24718 11.0866  tri20
panel tri  2.16288 0.895894 11.7694  3.24718 3.24718 11.0866  4.24264 1.75736 11.0866  tri21
panel tri  1.6554 1.6554 11.7694  0.895894 2.16288 11.7694  1.75736 4.24264 11.0866  tri22
panel tri  1.6554 1.6554 11.7694  1.75736 4.24264 11.0866  3.24718 3.24718 11.0866  tri23
panel tri  0.895894 2.16288 11.7694  0 2.34108 11.7694  0 4.5922 11.0866  tri24
panel tri  0.895894 2.16288 11.7694  0 4.5922 11.0866  1.75736 4.24264 11.0866  tri25
panel tri  0 2.34108 11.7694  -0.895894 2.16288 11.7694  0 4.5922 11.0866  tri26
panel tri  -0.895894 2.16288 11.7694  -1.6554 1.6554 11.7694  -3.24718 3.24718 11.0866  tri27
panel tri  -0.895894 2.16288 11.7694  -1.75736 4.24264 11.0866  0 4.5922 11.0866  tri28
panel tri  -0.895894 2.16288 11.7694  -3.24718 3.24718 11.0866  -1.75736 4.24264 11.0866  tri29
panel tri  -1.6554 1.6554 11.7694  -2.16288 0.895894 11.7694  -3.24718 3.24718 11.0866  tri30
panel tri  -2.16288 0.895894 11.7694  -2.34108 0 11.7694  -4.5922 0 11.0866  tri31
panel tri  -2.16288 0.895894 11.7694  -4.24264 1.75736 11.0866  -3.24718 3.24718 11.0866  tri32
panel tri  -2.16288 0.895894 11.7694  -4.5922 0 11.0866  -4.24264 1.75736 11.0866  tri33
panel tri  -2.34108 0 11.7694  -2.16288 -0.895894 11.7694  -4.24264 -1.75736 11.0866  tri34
panel tri  -2.34108 0 11.7694  -4.24264 -1.75736 11.0866  -4.5922 0 11.0866  tri35
panel tri  -2.16288 -0.895894 11.7694  -1.6554 -1.6554 11.7694  -3.24718 -3.24718 11.0866  tri36
panel tri  -2.16288 -0.895894 11.7694  -3.24718 -3.24718 11.0866  -4.24264 -1.75736 11.0866  tri37
panel tri  -1.6554 -1.6554 11.7694  -0.895894 -2.16288 11.7694  -1.75736 -4.24264 11.0866  tri38
panel tri  -1.6554 -1.6554 11.7694  -1.75736 -4.24264 11.0866  -3.24718 -3.24718 11.0866  tri39
panel tri  -0.895894 -2.16288 11.7694  0 -2.34108 11.7694  0 -4.5922 11.0866  tri40
panel tri  -0.895894 -2.16288 11.7694  0 -4.5922 11.0866  -1.75736 -4.24264 11.0866  tri41
panel tri  0 -2.34108 11.7694  0.895894 -2.16288 11.7694  0 -4.5922 11.0866  tri42
panel tri  0.895894 -2.16288 11.7694  1.6554 -1.6554 11.7694  3.24718 -3.24718 11.0866  tri43
panel tri  0.895894 -2.16288 11.7694  1.75736 -4.24264 11.0866  0 -4.5922 11.0866  tri44
panel tri  0.895894 -2.16288 11.7694  3.24718 -3.24718 11.0866  1.75736 -4.24264 11.0866  tri45
panel tri  1.6554 -1.6554 11.7694  2.16288 -0.895894 11.7694  4.24264 -1.75736 11.0866  tri46
panel tri  1.6554 -1.6554 11.7694  4.24264 -1.75736 11.0866  3.24718 -3.24718 11.0866  tri47
panel tri  2.16288 -0.895894 11.7694  4.5922 0 11.0866  4.24264 -1.75736 11.0866  tri48
panel tri  4.5922 0 11.0866  4.24264 1.75736 11.0866  6.15936 2.55129 9.97764  tri49
panel tri  4.5922 0 11.0866  6.15936 -2.55129 9.97764  4.24264 -1.75736 11.0866  tri50
panel tri  4.5922 0 11.0866  6.15936 2.55129 9.97764  6.66684 0 9.97764  tri51
panel tri  4.5922 0 11.0866  6.66684 0 9.97764  6.15936 -2.55129 9.97764  tri52
panel tri  4.24264 1.75736 11.0866  3.24718 3.24718 11.0866  4.71417 4.71417 9.97764  tri53
panel tri  4.24264 1.75736 11.0866  4.71417 4.71417 9.97764  6.15936 2.55129 9.97764  tri54
panel tri  3.24718 3.24718 11.0866  1.75736 4.24264 11.0866  2.55129 6.15936 9.97764  tri55
panel tri  3.24718 3.24718 11.0866  2.55129 6.15936 9.97764  4.71417 4.71417 9.97764  tri56
panel tri  1.75736 4.24264 11.0866  0 4.5922 11.0866  2.55129 6.15936 9.97764  tri57
panel tri  0 4.5922 11.0866  -1.75736 4.24264 11.0866  -2.55129 6.15936 9.97764  tri58
panel tri  0 4.5922 11.0866  0 6.66684 9.97764  2.55129 6.15936 9.97764  tri59
panel tri  0 4.5922 11.0866  -2.55129 6.15936 9.97764  0 6.66684 9.97764  tri60
panel tri  -1.75736 4.24264 11.0866  -3.24718 3.24718 11.0866  -2.55129 6.15936 9.97764  tri61
panel tri  -3.24718 3.24718 11.0866  -4.24264 1.75736 11.0866  -6.15936 2.55129 9.97764  tri62
panel tri  -3.24718 3.24718 11.0866  -4.71417 4.71417 9.97764  -2.55129 6.15936 9.97764  tri63
panel tri  -3.24718 3.24718 11.0866  -6.15936 2.55129 9.97764  -4.71417 4.71417 9.97764  tri64
panel tri  -4.24264 1.75736 11.0866  -4.5922 0 11.0866  -6.15936 2.55129 9.97764  tri65
panel tri  -4.5922 0 11.0866  -4.24264 -1.75736 11.0866  -6.15936 -2.55129 9.97764  tri66
panel tri  -4.5922 0 11.0866  -6.66684 0 9.97764  -6.15936 2.55129 9.97764  tri67
panel tri  -4.5922 0 11.0866  -6.15936 -2.55129 9.97764  -6.66684 0 9.97764  tri68
panel tri  -4.24264 -1.75736 11.0866  -3.24718 -3.24718 11.0866  -6.15936 -2.55129 9.97764  tri69
panel tri  -3.24718 -3.24718 11.0866  -1.75736 -4.24264 11.0866  -2.55129 -6.15936 9.97764  tri70
panel tri  -3.24718 -3.24718 11.0866  -4.71417 -4.71417 9.97764  -6.15936 -2.55129 9.97764  tri71
panel tri  -3.24718 -3.24718 11.0866  -2.55129 -6.15936 9.97764  -4.71417 -4.71417 9.97764  tri72
panel tri  -1.75736 -4.24264 11.0866  0 -4.5922 11.0866  -2.55129 -6.15936 9.97764  tri73
panel tri  0 -4.5922 11.0866  1.75736 -4.24264 11.0866  2.55129 -6.15936 9.97764  tri74
panel tri  0 -4.5922 11.0866  0 -6.66684 9.97764  -2.55129 -6.15936 9.97764  tri75
panel tri  0 -4.5922 11.0866  2.55129 -6.15936 9.97764  0 -6.66684 9.97764  tri76
panel tri  1.75736 -4.24264 11.0866  3.24718 -3.24718 11.0866  2.55129 -6.15936 9.97764  tri77
panel tri  3.24718 -3.24718 11.0866  4.24264 -1.75736 11.0866  6.15936 -2.55129 9.97764  tri78
panel tri  3.24718 -3.24718 11.0866  4.71417 -4.71417 9.97764  2.55129 -6.15936 9.97764  tri79
panel tri  3.24718 -3.24718 11.0866  6.15936 -2.55129 9.97764  4.71417 -4.71417 9.97764  tri80
panel tri  6.66684 0 9.97764  6.15936 2.55129 9.97764  7.83938 3.24718 8.48528  tri81
panel tri  6.66684 0 9.97764  8.48528 0 8.48528  6.15936 -2.55129 9.97764  tri82
panel tri  6.66684 0 9.97764  7.83938 3.24718 8.48528  8.48528 0 8.48528  tri83
panel tri  6.15936 2.55129 9.97764  4.71417 4.71417 9.97764  7.83938 3.24718 8.48528  tri84
panel tri  4.71417 4.71417 9.97764  2.55129 6.15936 9.97764  3.24718 7.83938 8.48528  tri85
panel tri  4.71417 4.71417 9.97764  6 6 8.48528  7.83938 3.24718 8.48528  tri86
panel tri  4.71417 4.71417 9.97764  3.24718 7.83938 8.48528  6 6 8.48528  tri87
panel tri  2.55129 6.15936 9.97764  0 6.66684 9.97764  0 8.48528 8.48528  tri88
panel tri  2.55129 6.15936 9.97764  0 8.48528 8.48528  3.24718 7.83938 8.48528  tri89
panel tri  0 6.66684 9.97764  -2.55129 6.15936 9.97764  0 8.48528 8.48528  tri90
panel tri  -2.55129 6.15936 9.97764  -4.71417 4.71417 9.97764  -6 6 8.48528  tri91
panel tri  -2.55129 6.15936 9.97764  -3.24718 7.83938 8.48528  0 8.48528 8.48528  tri92
panel tri  -2.55129 6.15936 9.97764  -6 6 8.48528  -3.24718 7.83938 8.48528  tri93
panel tri  -4.71417 4.71417 9.97764  -6.15936 2.55129 9.97764  -6 6 8.48528  tri94
panel tri  -6.15936 2.55129 9.97764  -6.66684 0 9.97764  -8.48528 0 8.48528  tri95
panel tri  -6.15936 2.55129 9.97764  -7.83938 3.24718 8.48528  -6 6 8.48528  tri96
panel tri  -6.15936 2.55129 9.97764  -8.48528 0 8.48528  -7.83938 3.24718 8.48528  tri97
panel tri  -6.66684 0 9.97764  -6.15936 -2.55129 9.97764  -7.83938 -3.24718 8.48528  tri98
panel tri  -6.66684 0 9.97764  -7.83938 -3.24718 8.48528  -8.48528 0 8.48528  tri99
panel tri  -6.15936 -2.55129 9.97764  -4.71417 -4.71417 9.97764  -7.83938 -3.24718 8.48528  tri100
panel tri  -4.71417 -4.71417 9.97764  -2.55129 -6.15936 9.97764  -6 -6 8.48528  tri101
panel tri  -4.71417 -4.71417 9.97764  -6 -6 8.48528  -7.83938 -3.24718 8.48528  tri102
panel tri  -2.55129 -6.15936 9.97764  0 -6.66684 9.97764  -3.24718 -7.83938 8.48528  tri103
panel tri  -2.55129 -6.15936 9.97764  -3.24718 -7.83938 8.48528  -6 -6 8.48528  tri104
panel tri  0 -6.66684 9.97764  2.55129 -6.15936 9.97764  0 -8.48528 8.48528  tri105
panel tri  0 -6.66684 9.97764  0 -8.48528 8.48528  -3.24718 -7.83938 8.48528  tri106
panel tri  2.55129 -6.15936 9.97764  4.71417 -4.71417 9.97764  3.24718 -7.83938 8.48528  tri107
panel tri  2.55129 -6.15936 9.97764  3.24718 -7.83938 8.48528  0 -8.48528 8.48528  tri108
panel tri  4.71417 -4.71417 9.97764  6.15936 -2.55129 9.97764  6 -6 8.48528  tri109
panel tri  4.71417 -4.71417 9.97764  6 -6 8.48528  3.24718 -7.83938 8.48528  tri110
panel tri  6.15936 -2.55129 9.97764  8.48528 0 8.48528  7.83938 -3.24718 8.48528  tri111
panel tri  6.15936 -2.55129 9.97764  7.83938 -3.24718 8.48528  6 -6 8.48528  tri112
panel tri  8.48528 0 8.48528  7.83938 3.24718 8.48528  9.97764 0 6.66684  tri113
panel tri  8.48528 0 8.48528  9.97764 0 6.66684  7.83938 -3.24718 8.48528  tri114
panel tri  7.83938 3.24718 8.48528  6 6 8.48528  7.05525 7.05525 6.66684  tri115
panel tri  7.83938 3.24718 8.48528  9.21813 3.81828 6.66684  9.97764 0 6.66684  tri116
panel tri  7.83938 3.24718 8.48528  7.05525 7.05525 6.66684  9.21813 3.81828 6.66684  tri117
panel tri  6 6 8.48528  3.24718 7.83938 8.48528  3.81828 9.21813 6.66684  tri118
panel tri  6 6 8.48528  3.81828 9.21813 6.66684  7.05525 7.05525 6.66684  tri119
panel tri  3.24718 7.83938 8.48528  0 8.48528 8.48528  0 9.97764 6.66684  tri120
panel tri  3.24718 7.83938 8.48528  0 9.97764 6.66684  3.81828 9.21813 6.66684  tri121
panel tri  0 8.48528 8.48528  -3.24718 7.83938 8.48528  -3.81828 9.21813 6.66684  tri122
panel tri  0 8.48528 8.48528  -3.81828 9.21813 6.66684  0 9.97764 6.66684  tri123
panel tri  -3.24718 7.83938 8.48528  -6 6 8.48528  -3.81828 9.21813 6.66684  tri124
panel tri  -6 6 8.48528  -7.83938 3.24718 8.48528  -9.21813 3.81828 6.66684  tri125
panel tri  -6 6 8.48528  -7.05525 7.05525 6.66684  -3.81828 9.21813 6.66684  tri126
panel tri  -6 6 8.48528  -9.21813 3.81828 6.66684  -7.05525 7.05525 6.66684  tri127
panel tri  -7.83938 3.24718 8.48528  -8.48528 0 8.48528  -9.97764 0 6.66684  tri128
panel tri  -7.83938 3.24718 8.48528  -9.97764 0 6.66684  -9.21813 3.81828 6.66684  tri129
panel tri  -8.48528 0 8.48528  -7.83938 -3.24718 8.48528  -9.97764 0 6.66684  tri130
panel tri  -7.83938 -3.24718 8.48528  -6 -6 8.48528  -7.05525 -7.05525 6.66684  tri131
panel tri  -7.83938 -3.24718 8.48528  -9.21813 -3.81828 6.66684  -9.97764 0 6.66684  tri132
panel tri  -7.83938 -3.24718 8.48528  -7.05525 -7.05525 6.66684  -9.21813 -3.81828 6.66684  tri133
panel tri  -6 -6 8.48528  -3.24718 -7.83938 8.48528  -7.05525 -7.05525 6.66684  tri134
panel tri  -3.24718 -7.83938 8.48528  0 -8.48528 8.48528  -3.81828 -9.21813 6.66684  tri135
panel tri  -3.24718 -7.83938 8.48528  -3.81828 -9.21813 6.66684  -7.05525 -7.05525 6.66684  tri136
panel tri  0 -8.48528 8.48528  3.24718 -7.83938 8.48528  0 -9.97764 6.66684  tri137
panel tri  0 -8.48528 8.48528  0 -9.97764 6.66684  -3.81828 -9.21813 6.66684  tri138
panel tri  3.24718 -7.83938 8.48528  6 -6 8.48528  7.05525 -7.05525 6.66684  tri139
panel tri  3.24718 -7.83938 8.48528  3.81828 -9.21813 6.66684  0 -9.97764 6.66684  tri140
panel tri  3.24718 -7.83938 8.48528  7.05525 -7.05525 6.66684  3.81828 -9.21813 6.66684  tri141
panel tri  6 -6 8.48528  7.83938 -3.24718 8.48528  9.21813 -3.81828 6.66684  tri142
panel tri  6 -6 8.48528  9.21813 -3.81828 6.66684  7.05525 -7.05525 6.66684  tri143
panel tri  7.83938 -3.24718 8.48528  9.97764 0 6.66684  9.21813 -3.81828 6.66684  tri144
panel tri  9.97764 0 6.66684  9.21813 3.81828 6.66684  10.2426 4.24264 4.5922  tri145
panel tri  9.97764 0 6.66684  10.2426 -4.24264 4.5922  9.21813 -3.81828 6.66684  tri146
panel tri  9.97764 0 6.66684  10.2426 4.24264 4.5922  11.0866 0 4.5922  tri147
panel tri  9.97764 0 6.66684  11.0866 0 4.5922  10.2426 -4.24264 4.5922  tri148
panel tri  9.21813 3.81828 6.66684  7.05525 7.05525 6.66684  10.2426 4.24264 4.5922  tri149
panel tri  7.05525 7.05525 6.66684  3.81828 9.21813 6.66684  7.83938 7.83938 4.5922  tri150
panel tri  7.05525 7.05525 6.66684  7.83938 7.83938 4.5922  10.2426 4.24264 4.5922  tri151
panel tri  3.81828 9.21813 6.66684  0 9.97764 6.66684  4.24264 10.2426 4.5922  tri152
panel tri  3.81828 9.21813 6.66684  4.24264 10.2426 4.5922  7.83938 7.83938 4.5922  tri153
panel tri  0 9.97764 6.66684  -3.81828 9.21813 6.66684  0 11.0866 4.5922  tri154
panel tri  0 9.97764 6.66684  0 11.0866 4.5922  4.24264 10.2426 4.5922  tri155
panel tri  -3.81828 9.21813 6.66684  -7.05525 7.05525 6.66684  -4.24264 10.2426 4.5922  tri156
panel tri  -3.81828 9.21813 6.66684  -4.24264 10.2426 4.5922  0 11.0866 4.5922  tri157
panel tri  -7.05525 7.05525 6.66684  -9.21813 3.81828 6.66684  -10.2426 4.24264 4.5922  tri158
panel tri  -7.05525 7.05525 6.66684  -7.83938 7.83938 4.5922  -4.24264 10.2426 4.5922  tri159
panel tri  -7.05525 7.05525 6.66684  -10.2426 4.24264 4.5922  -7.83938 7.83938 4.5922  tri160
panel tri  -9.21813 3.81828 6.66684  -9.97764 0 6.66684  -10.2426 4.24264 4.5922  tri161
panel tri  -9.97764 0 6.66684  -9.21813 -3.81828 6.66684  -10.2426 -4.24264 4.5922  tri162
panel tri  -9.97764 0 6.66684  -11.0866 0 4.5922  -10.2426 4.24264 4.5922  tri163
panel tri  -9.97764 0 6.66684  -10.2426 -4.24264 4.5922  -11.0866 0 4.5922  tri164
panel tri  -9.21813 -3.81828 6.66684  -7.05525 -7.05525 6.66684  -7.83938 -7.83938 4.5922  tri165
panel tri  -9.21813 -3.81828 6.66684  -7.83938 -7.83938 4.5922  -10.2426 -4.24264 4.5922  tri166
panel tri  -7.05525 -7.05525 6.66684  -3.81828 -9.21813 6.66684  -7.83938 -7.83938 4.5922  tri167
panel tri  -3.81828 -9.21813 6.66684  0 -9.97764 6.66684  -4.24264 -10.2426 4.5922  tri168
panel tri  -3.81828 -9.21813 6.66684  -4.24264 -10.2426 4.5922  -7.83938 -7.83938 4.5922  tri169
panel tri  0 -9.97764 6.66684  3.81828 -9.21813 6.66684  4.24264 -10.2426 4.5922  tri170
panel tri  0 -9.97764 6.66684  0 -11.0866 4.5922  -4.24264 -10.2426 4.5922  tri171
panel tri  0 -9.97764 6.66684  4.24264 -10.2426 4.5922  0 -11.0866 4.5922  tri172
panel tri  3.81828 -9.21813 6.66684  7.05525 -7.05525 6.66684  4.24264 -10.2426 4.5922  tri173
panel tri  7.05525 -7.05525 6.66684  9.21813 -3.81828 6.66684  7.83938 -7.83938 4.5922  tri174
panel tri  7.05525 -7.05525 6.66684  7.83938 -7.83938 4.5922  4.24264 -10.2426 4.5922  tri175
panel tri  9.21813 -3.81828 6.66684  10.2426 -4.24264 4.5922  7.83938 -7.83938 4.5922  tri176
panel tri  11.0866 0 4.5922  10.2426 4.24264 4.5922  11.7694 0 2.34108  tri177
panel tri  11.0866 0 4.5922  11.7694 0 2.34108  10.2426 -4.24264 4.5922  tri178
panel tri  10.2426 4.24264 4.5922  7.83938 7.83938 4.5922  8.32224 8.32224 2.34108  tri179
panel tri  10.2426 4.24264 4.5922  10.8735 4.50396 2.34108  11.7694 0 2.34108  tri180
panel tri  10.2426 4.24264 4.5922  8.32224 8.32224 2.34108  10.8735 4.50396 2.34108  tri181
panel tri  7.83938 7.83938 4.5922  4.24264 10.2426 4.5922  8.32224 8.32224 2.34108  tri182
panel tri  4.24264 10.2426 4.5922  0 11.0866 4.5922  4.50396 10.8735 2.34108  tri183
panel tri  4.24264 10.2426 4.5922  4.50396 10.8735 2.34108  8.32224 8.32224 2.34108  tri184
panel tri  0 11.0866 4.5922  -4.24264 10.2426 4.5922  0 11.7694 2.34108  tri185
panel tri  0 11.0866 4.5922  0 11.7694 2.34108  4.50396 10.8735 2.34108  tri186
panel tri  -4.24264 10.2426 4.5922  -7.83938 7.83938 4.5922  -8.32224 8.32224 2.34108  tri187
panel tri  -4.24264 10.2426 4.5922  -4.50396 10.8735 2.34108  0 11.7694 2.34108  tri188
panel tri  -4.24264 10.2426 4.5922  -8.32224 8.32224 2.34108  -4.50396 10.8735 2.34108  tri189
panel tri  -7.83938 7.83938 4.5922  -10.2426 4.24264 4.5922  -8.32224 8.32224 2.34108  tri190
panel tri  -10.2426 4.24264 4.5922  -11.0866 0 4.5922  -10.8735 4.50396 2.34108  tri191
panel tri  -10.2426 4.24264 4.5922  -10.8735 4.50396 2.34108  -8.32224 8.32224 2.34108  tri192
panel tri  -11.0866 0 4.5922  -10.2426 -4.24264 4.5922  -11.7694 0 2.34108  tri193
panel tri  -11.0866 0 4.5922  -11.7694 0 2.34108  -10.8735 4.50396 2.34108  tri194
panel tri  -10.2426 -4.24264 4.5922  -7.83938 -7.83938 4.5922  -8.32224 -8.32224 2.34108  tri195
panel tri  -10.2426 -4.24264 4.5922  -10.8735 -4.50396 2.34108  -11.7694 0 2.34108  tri196
panel tri  -10.2426 -4.24264 4.5922  -8.32224 -8.32224 2.34108  -10.8735 -4.50396 2.34108  tri197
panel tri  -7.83938 -7.83938 4.5922  -4.24264 -10.2426 4.5922  -8.32224 -8.32224 2.34108  tri198
panel tri  -4.24264 -10.2426 4.5922  0 -11.0866 4.5922  -4.50396 -10.8735 2.34108  tri199
panel tri  -4.24264 -10.2426 4.5922  -4.50396 -10.8735 2.34108  -8.32224 -8.32224 2.34108  tri200
panel tri  0 -11.0866 4.5922  4.24264 -10.2426 4.5922  0 -11.7694 2.34108  tri201
panel tri  0 -11.0866 4.5922  0 -11.7694 2.34108  -4.50396 -10.8735 2.34108  tri202
panel tri  4.24264 -10.2426 4.5922  7.83938 -7.83938 4.5922  8.32224 -8.32224 2.34108  tri203
panel tri  4.24264 -10.2426 4.5922  4.50396 -10.8735 2.34108  0 -11.7694 2.34108  tri204
panel tri  4.24264 -10.2426 4.5922  8.32224 -8.32224 2.34108  4.50396 -10.8735 2.34108  tri205
panel tri  7.83938 -7.83938 4.5922  10.2426 -4.24264 4.5922  8.32224 -8.32224 2.34108  tri206
panel tri  10.2426 -4.24264 4.5922  11.7694 0 2.34108  10.8735 -4.50396 2.34108  tri207
panel tri  10.2426 -4.24264 4.5922  10.8735 -4.50396 2.34108  8.32224 -8.32224 2.34108  tri208
panel tri  11.7694 0 2.34108  10.8735 4.50396 2.34108  11.0866 4.5922 0  tri209
panel tri  11.7694 0 2.34108  11.0866 -4.5922 0  10.8735 -4.50396 2.34108  tri210
panel tri  11.7694 0 2.34108  11.0866 4.5922 0  12 0 0  tri211
panel tri  11.7694 0 2.34108  12 0 0  11.0866 -4.5922 0  tri212
panel tri  10.8735 4.50396 2.34108  8.32224 8.32224 2.34108  8.48528 8.48528 0  tri213
panel tri  10.8735 4.50396 2.34108  8.48528 8.48528 0  11.0866 4.5922 0  tri214
panel tri  8.32224 8.32224 2.34108  4.50396 10.8735 2.34108  4.5922 11.0866 0  tri215
panel tri  8.32224 8.32224 2.34108  4.5922 11.0866 0  8.48528 8.48528 0  tri216
panel tri  4.50396 10.8735 2.34108  0 11.7694 2.34108  0 12 0  tri217
panel tri  4.50396 10.8735 2.34108  0 12 0  4.5922 11.0866 0  tri218
panel tri  0 11.7694 2.34108  -4.50396 10.8735 2.34108  -4.5922 11.0866 0  tri219
panel tri  0 11.7694 2.34108  -4.5922 11.0866 0  0 12 0  tri220
panel tri  -4.50396 10.8735 2.34108  -8.32224 8.32224 2.34108  -8.48528 8.48528 0  tri221
panel tri  -4.50396 10.8735 2.34108  -8.48528 8.48528 0  -4.5922 11.0866 0  tri222
panel tri  -8.32224 8.32224 2.34108  -10.8735 4.50396 2.34108  -8.48528 8.48528 0  tri223
panel tri  -10.8735 4.50396 2.34108  -11.7694 0 2.34108  -11.0866 4.5922 0  tri224
panel tri  -10.8735 4.50396 2.34108  -11.0866 4.5922 0  -8.48528 8.48528 0  tri225
panel tri  -11.7694 0 2.34108  -10.8735 -4.50396 2.34108  -11.0866 -4.5922 0  tri226
panel tri  -11.7694 0 2.34108  -12 0 0  -11.0866 4.5922 0  tri227
panel tri  -11.7694 0 2.34108  -11.0866 -4.5922 0  -12 0 0  tri228
panel tri  -10.8735 -4.50396 2.34108  -8.32224 -8.32224 2.34108  -8.48528 -8.48528 0  tri229
panel tri  -10.8735 -4.50396 2.34108  -8.48528 -8.48528 0  -11.0866 -4.5922 0  tri230
panel tri  -8.32224 -8.32224 2.34108  -4.50396 -10.8735 2.34108  -8.48528 -8.48528 0  tri231
panel tri  -4.50396 -10.8735 2.34108  0 -11.7694 2.34108  -4.5922 -11.0866 0  tri232
panel tri  -4.50396 -10.8735 2.34108  -4.5922 -11.0866 0  -8.48528 -8.48528 0  tri233
panel tri  0 -11.7694 2.34108  4.50396 -10.8735 2.34108  4.5922 -11.0866 0  tri234
panel tri  0 -11.7694 2.34108  0 -12 0  -4.5922 -11.0866 0  tri235
panel tri  0 -11.7694 2.34108  4.5922 -11.0866 0  0 -12 0  tri236
panel tri  4.50396 -10.8735 2.34108  8.32224 -8.32224 2.34108  8.48528 -8.48528 0  tri237
panel tri  4.50396 -10.8735 2.34108  8.48528 -8.48528 0  4.5922 -11.0866 0  tri238
panel tri  8.32224 -8.32224 2.34108  10.8735 -4.50396 2.34108  8.48528 -8.48528 0  tri239
panel tri  10.8735 -4.50396 2.34108  11.0866 -4.5922 0  8.48528 -8.48528 0  tri240
panel tri  12 0 0  11.0866 4.5922 0  11.7694 0 -2.34108  tri241
panel tri  12 0 0  11.7694 0 -2.34108  11.0866 -4.5922 0  tri242
panel tri  11.0866 4.5922 0  8.48528 8.48528 0  10.8735 4.50396 -2.34108  tri243
panel tri  11.0866 4.5922 0  10.8735 4.50396 -2.34108  11.7694 0 -2.34108  tri244
panel tri  8.48528 8.48528 0  4.5922 11.0866 0  8.32224 8.32224 -2.34108  tri245
panel tri  8.48528 8.48528 0  8.32224 8.32224 -2.34108  10.8735 4.50396 -2.34108  tri246
panel tri  4.5922 11.0866 0  0 12 0  4.50396 10.8735 -2.34108  tri247
panel tri  4.5922 11.0866 0  4.50396 10.8735 -2.34108  8.32224 8.32224 -2.34108  tri248
panel tri  0 12 0  -4.5922 11.0866 0  0 11.7694 -2.34108  tri249
panel tri  0 12 0  0 11.7694 -2.34108  4.50396 10.8735 -2.34108  tri250
panel tri  -4.5922 11.0866 0  -8.48528 8.48528 0  -4.50396 10.8735 -2.34108  tri251
panel tri  -4.5922 11.0866 0  -4.50396 10.8735 -2.34108  0 11.7694 -2.34108  tri252
panel tri  -8.48528 8.48528 0  -11.0866 4.5922 0  -10.8735 4.50396 -2.34108  tri253
panel tri  -8.48528 8.48528 0  -8.32224 8.32224 -2.34108  -4.50396 10.8735 -2.34108  tri254
panel tri  -8.48528 8.48528 0  -10.8735 4.50396 -2.34108  -8.32224 8.32224 -2.34108  tri255
panel tri  -11.0866 4.5922 0  -12 0 0  -11.7694 0 -2.34108  tri256
panel tri  -11.0866 4.5922 0  -11.7694 0 -2.34108  -10.8735 4.50396 -2.34108  tri257
panel tri  -12 0 0  -11.0866 -4.5922 0  -11.7694 0 -2.34108  tri258
panel tri  -11.0866 -4.5922 0  -8.48528 -8.48528 0  -10.8735 -4.50396 -2.34108  tri259
panel tri  -11.0866 -4.5922 0  -10.8735 -4.50396 -2.34108  -11.7694 0 -2.34108  tri260
panel tri  -8.48528 -8.48528 0  -4.5922 -11.0866 0  -4.50396 -10.8735 -2.34108  tri261
panel tri  -8.48528 -8.48528 0  -8.32224 -8.32224 -2.34108  -10.8735 -4.50396 -2.34108  tri262
panel tri  -8.48528 -8.48528 0  -4.50396 -10.8735 -2.34108  -8.32224 -8.32224 -2.34108  tri263
panel tri  -4.5922 -11.0866 0  0 -12 0  0 -11.7694 -2.34108  tri264
panel tri  -4.5922 -11.0866 0  0 -11.7694 -2.34108  -4.50396 -10.8735 -2.34108  tri265
panel tri  0 -12 0  4.5922 -11.0866 0  0 -11.7694 -2.34108  tri266
panel tri  4.5922 -11.0866 0  8.48528 -8.48528 0  4.50396 -10.8735 -2.34108  tri267
panel tri  4.5922 -11.0866 0  4.50396 -10.8735 -2.34108  0 -11.7694 -2.34108  tri268
panel tri  8.48528 -8.48528 0  11.0866 -4.5922 0  10.8735 -4.50396 -2.34108  tri269
panel tri  8.48528 -8.48528 0  8.32224 -8.32224 -2.34108  4.50396 -10.8735 -2.34108  tri270
panel tri  8.48528 -8.48528 0  10.8735 -4.50396 -2.34108  8.32224 -8.32224 -2.34108  tri271
panel tri  11.0866 -4.5922 0  11.7694 0 -2.34108  10.8735 -4.50396 -2.34108  tri272
panel tri  11.7694 0 -2.34108  10.8735 4.50396 -2.34108  10.2426 4.24264 -4.5922  tri273
panel tri  11.7694 0 -2.34108  10.2426 -4.24264 -4.5922  10.8735 -4.50396 -2.34108  tri274
panel tri  11.7694 0 -2.34108  10.2426 4.24264 -4.5922  11.0866 0 -4.5922  tri275
panel tri  11.7694 0 -2.34108  11.0866 0 -4.5922  10.2426 -4.24264 -4.5922  tri276
panel tri  10.8735 4.50396 -2.34108  8.32224 8.32224 -2.34108  10.2426 4.24264 -4.5922  tri277
panel tri  8.32224 8.32224 -2.34108  4.50396 10.8735 -2.34108  4.24264 10.2426 -4.5922  tri278
panel tri  8.32224 8.32224 -2.34108  7.83938 7.83938 -4.5922  10.2426 4.24264 -4.5922  tri279
panel tri  8.32224 8.32224 -2.34108  4.24264 10.2426 -4.5922  7.83938 7.83938 -4.5922  tri280
panel tri  4.50396 10.8735 -2.34108  0 11.7694 -2.34108  0 11.0866 -4.5922  tri281
panel tri  4.50396 10.8735 -2.34108  0 11.0866 -4.5922  4.24264 10.2426 -4.5922  tri282
panel tri  0 11.7694 -2.34108  -4.50396 10.8735 -2.34108  -4.24264 10.2426 -4.5922  tri283
panel tri  0 11.7694 -2.34108  -4.24264 10.2426 -4.5922  0 11.0866 -4.5922  tri284
panel tri  -4.50396 10.8735 -2.34108  -8.32224 8.32224 -2.34108  -4.24264 10.2426 -4.5922  tri285
panel tri  -8.32224 8.32224 -2.34108  -10.8735 4.50396 -2.34108  -10.2426 4.24264 -4.5922  tri286
panel tri  -8.32224 8.32224 -2.34108  -7.83938 7.83938 -4.5922  -4.24264 10.2426 -4.5922  tri287
panel tri  -8.32224 8.32224 -2.34108  -10.2426 4.24264 -4.5922  -7.83938 7.83938 -4.5922  tri288
panel tri  -10.8735 4.50396 -2.34108  -11.7694 0 -2.34108  -11.0866 0 -4.5922  tri289
panel tri  -10.8735 4.50396 -2.34108  -11.0866 0 -4.5922  -10.2426 4.24264 -4.5922  tri290
panel tri  -11.7694 0 -2.34108  -10.8735 -4.50396 -2.34108  -10.2426 -4.24264 -4.5922  tri291
panel tri  -11.7694 0 -2.34108  -10.2426 -4.24264 -4.5922  -11.0866 0 -4.5922  tri292
panel tri  -10.8735 -4.50396 -2.34108  -8.32224 -8.32224 -2.34108  -10.2426 -4.24264 -4.5922  tri293
panel tri  -8.32224 -8.32224 -2.34108  -4.50396 -10.8735 -2.34108  -4.24264 -10.2426 -4.5922  tri294
panel tri  -8.32224 -8.32224 -2.34108  -7.83938 -7.83938 -4.5922  -10.2426 -4.24264 -4.5922  tri295
panel tri  -8.32224 -8.32224 -2.34108  -4.24264 -10.2426 -4.5922  -7.83938 -7.83938 -4.5922  tri296
panel tri  -4.50396 -10.8735 -2.34108  0 -11.7694 -2.34108  0 -11.0866 -4.5922  tri297
panel tri  -4.50396 -10.8735 -2.34108  0 -11.0866 -4.5922  -4.24264 -10.2426 -4.5922  tri298
panel tri  0 -11.7694 -2.34108  4.50396 -10.8735 -2.34108  4.24264 -10.2426 -4.5922  tri299
panel tri  0 -11.7694 -2.34108  4.24264 -10.2426 -4.5922  0 -11.0866 -4.5922  tri300
panel tri  4.50396 -10.8735 -2.34108  8.32224 -8.32224 -2.34108  4.24264 -10.2426 -4.5922  tri301
panel tri  8.32224 -8.32224 -2.34108  10.8735 -4.50396 -2.34108  10.2426 -4.24264 -4.5922  tri302
panel tri  8.32224 -8.32224 -2.34108  7.83938 -7.83938 -4.5922  4.24264 -10.2426 -4.5922  tri303
panel tri  8.32224 -8.32224 -2.34108  10.2426 -4.24264 -4.5922  7.83938 -7.83938 -4.5922  tri304
panel tri  11.0866 0 -4.5922  10.2426 4.24264 -4.5922  9.97764 0 -6.66684  tri305
panel tri  11.0866 0 -4.5922  9.97764 0 -6.66684  10.2426 -4.24264 -4.5922  tri306
panel tri  10.2426 4.24264 -4.5922  7.83938 7.83938 -4.5922  7.05525 7.05525 -6.66684  tri307
panel tri  10.2426 4.24264 -4.5922  9.21813 3.81828 -6.66684  9.97764 0 -6.66684  tri308
panel tri  10.2426 4.24264 -4.5922  7.05525 7.05525 -6.66684  9.21813 3.81828 -6.66684  tri309
panel tri  7.83938 7.83938 -4.5922  4.24264 10.2426 -4.5922  3.81828 9.21813 -6.66684  tri310
panel tri  7.83938 7.83938 -4.5922  3.81828 9.21813 -6.66684  7.05525 7.05525 -6.66684  tri311
panel tri  4.24264 10.2426 -4.5922  0 11.0866 -4.5922  0 9.97764 -6.66684  tri312
panel tri  4.24264 10.2426 -4.5922  0 9.97764 -6.66684  3.81828 9.21813 -6.66684  tri313
panel tri  0 11.0866 -4.5922  -4.24264 10.2426 -4.5922  -3.81828 9.21813 -6.66684  tri314
panel tri  0 11.0866 -4.5922  -3.81828 9.21813 -6.66684  0 9.97764 -6.66684  tri315
panel tri  -4.24264 10.2426 -4.5922  -7.83938 7.83938 -4.5922  -7.05525 7.05525 -6.66684  tri316
panel tri  -4.24264 10.2426 -4.5922  -7.05525 7.05525 -6.66684  -3.81828 9.21813 -6.66684  tri317
panel tri  -7.83938 7.83938 -4.5922  -10.2426 4.24264 -4.5922  -7.05525 7.05525 -6.66684  tri318
panel tri  -10.2426 4.24264 -4.5922  -11.0866 0 -4.5922  -9.97764 0 -6.66684  tri319
panel tri  -10.2426 4.24264 -4.5922  -9.21813 3.81828 -6.66684  -7.05525 7.05525 -6.66684  tri320
panel tri  -10.2426 4.24264 -4.5922  -9.97764 0 -6.66684  -9.21813 3.81828 -6.66684  tri321
panel tri  -11.0866 0 -4.5922  -10.2426 -4.24264 -4.5922  -9.97764 0 -6.66684  tri322
panel tri  -10.2426 -4.24264 -4.5922  -7.83938 -7.83938 -4.5922  -9.21813 -3.81828 -6.66684  tri323
panel tri  -10.2426 -4.24264 -4.5922  -9.21813 -3.81828 -6.66684  -9.97764 0 -6.66684  tri324
panel tri  -7.83938 -7.83938 -4.5922  -4.24264 -10.2426 -4.5922  -3.81828 -9.21813 -6.66684  tri325
panel tri  -7.83938 -7.83938 -4.5922  -7.05525 -7.05525 -6.66684  -9.21813 -3.81828 -6.66684  tri326
panel tri  -7.83938 -7.83938 -4.5922  -3.81828 -9.21813 -6.66684  -7.05525 -7.05525 -6.66684  tri327
panel tri  -4.24264 -10.2426 -4.5922  0 -11.0866 -4.5922  0 -9.97764 -6.66684  tri328
panel tri  -4.24264 -10.2426 -4.5922  0 -9.97764 -6.66684  -3.81828 -9.21813 -6.66684  tri329
panel tri  0 -11.0866 -4.5922  4.24264 -10.2426 -4.5922  0 -9.97764 -6.66684  tri330
panel tri  4.24264 -10.2426 -4.5922  7.83938 -7.83938 -4.5922  7.05525 -7.05525 -6.66684  tri331
panel tri  4.24264 -10.2426 -4.5922  3.81828 -9.21813 -6.66684  0 -9.97764 -6.66684  tri332
panel tri  4.24264 -10.2426 -4.5922  7.05525 -7.05525 -6.66684  3.81828 -9.21813 -6.66684  tri333
panel tri  7.83938 -7.83938 -4.5922  10.2426 -4.24264 -4.5922  9.21813 -3.81828 -6.66684  tri334
panel tri  7.83938 -7.83938 -4.5922  9.21813 -3.81828 -6.66684  7.05525 -7.05525 -6.66684  tri335
panel tri  10.2426 -4.24264 -4.5922  9.97764 0 -6.66684  9.21813 -3.81828 -6.66684  tri336
panel tri  9.97764 0 -6.66684  9.21813 3.81828 -6.66684  7.83938 3.24718 -8.48528  tri337
panel tri  9.97764 0 -6.66684  7.83938 -3.24718 -8.48528  9.21813 -3.81828 -6.66684  tri338
panel tri  9.97764 0 -6.66684  7.83938 3.24718 -8.48528  8.48528 0 -8.48528  tri339
panel tri  9.97764 0 -6.66684  8.48528 0 -8.48528  7.83938 -3.24718 -8.48528  tri340
panel tri  9.21813 3.81828 -6.66684  7.05525 7.05525 -6.66684  7.83938 3.24718 -8.48528  tri341
panel tri  7.05525 7.05525 -6.66684  3.81828 9.21813 -6.66684  6 6 -8.48528  tri342
panel tri  7.05525 7.05525 -6.66684  6 6 -8.48528  7.83938 3.24718 -8.48528  tri343
panel tri  3.81828 9.21813 -6.66684  0 9.97764 -6.66684  3.24718 7.83938 -8.48528  tri344
panel tri  3.81828 9.21813 -6.66684  3.24718 7.83938 -8.48528  6 6 -8.48528  tri345
panel tri  0 9.97764 -6.66684  -3.81828 9.21813 -6.66684  0 8.48528 -8.48528  tri346
panel tri  0 9.97764 -6.66684  0 8.48528 -8.48528  3.24718 7.83938 -8.48528  tri347
panel tri  -3.81828 9.21813 -6.66684  -7.05525 7.05525 -6.66684  -6 6 -8.48528  tri348
panel tri  -3.81828 9.21813 -6.66684  -3.24718 7.83938 -8.48528  0 8.48528 -8.48528  tri349
panel tri  -3.81828 9.21813 -6.66684  -6 6 -8.48528  -3.24718 7.83938 -8.48528  tri350
panel tri  -7.05525 7.05525 -6.66684  -9.21813 3.81828 -6.66684  -6 6 -8.48528  tri351
panel tri  -9.21813 3.81828 -6.66684  -9.97764 0 -6.66684  -7.83938 3.24718 -8.48528  tri352
panel tri  -9.21813 3.81828 -6.66684  -7.83938 3.24718 -8.48528  -6 6 -8.48528  tri353
panel tri  -9.97764 0 -6.66684  -9.21813 -3.81828 -6.66684  -7.83938 -3.24718 -8.48528  tri354
panel tri  -9.97764 0 -6.66684  -8.48528 0 -8.48528  -7.83938 3.24718 -8.48528  tri355
panel tri  -9.97764 0 -6.66684  -7.83938 -3.24718 -8.48528  -8.48528 0 -8.48528  tri356
panel tri  -9.21813 -3.81828 -6.66684  -7.05525 -7.05525 -6.66684  -7.83938 -3.24718 -8.48528  tri357
panel tri  -7.05525 -7.05525 -6.66684  -3.81828 -9.21813 -6.66684  -3.24718 -7.83938 -8.48528  tri358
panel tri  -7.05525 -7.05525 -6.66684  -6 -6 -8.48528  -7.83938 -3.24718 -8.48528  tri359
panel tri  -7.05525 -7.05525 -6.66684  -3.24718 -7.83938 -8.48528  -6 -6 -8.48528  tri360
panel tri  -3.81828 -9.21813 -6.66684  0 -9.97764 -6.66684  0 -8.48528 -8.48528  tri361
panel tri  -3.81828 -9.21813 -6.66684  0 -8.48528 -8.48528  -3.24718 -7.83938 -8.48528  tri362
panel tri  0 -9.97764 -6.66684  3.81828 -9.21813 -6.66684  3.24718 -7.83938 -8.48528  tri363
panel tri  0 -9.97764 -6.66684  3.24718 -7.83938 -8.48528  0 -8.48528 -8.48528  tri364
panel tri  3.81828 -9.21813 -6.66684  7.05525 -7.05525 -6.66684  3.24718 -7.83938 -8.48528  tri365
panel tri  7.05525 -7.05525 -6.66684  9.21813 -3.81828 -6.66684  6 -6 -8.48528  tri366
panel tri  7.05525 -7.05525 -6.66684  6 -6 -8.48528  3.24718 -7.83938 -8.48528  tri367
panel tri  9.21813 -3.81828 -6.66684  7.83938 -3.24718 -8.48528  6 -6 -8.48528  tri368
panel tri  8.48528 0 -8.48528  7.83938 3.24718 -8.48528  6.66684 0 -9.97764  tri369
panel tri  8.48528 0 -8.48528  6.15936 -2.55129 -9.97764  7.83938 -3.24718 -8.48528  tri370
panel tri  8.48528 0 -8.48528  6.66684 0 -9.97764  6.15936 -2.55129 -9.97764  tri371
panel tri  7.83938 3.24718 -8.48528  6 6 -8.48528  4.71417 4.71417 -9.97764  tri372
panel tri  7.83938 3.24718 -8.48528  6.15936 2.55129 -9.97764  6.66684 0 -9.97764  tri373
panel tri  7.83938 3.24718 -8.48528  4.71417 4.71417 -9.97764  6.15936 2.55129 -9.97764  tri374
panel tri  6 6 -8.48528  3.24718 7.83938 -8.48528  4.71417 4.71417 -9.97764  tri375
panel tri  3.24718 7.83938 -8.48528  0 8.48528 -8.48528  2.55129 6.15936 -9.97764  tri376
panel tri  3.24718 7.83938 -8.48528  2.55129 6.15936 -9.97764  4.71417 4.71417 -9.97764  tri377
panel tri  0 8.48528 -8.48528  -3.24718 7.83938 -8.48528  -2.55129 6.15936 -9.97764  tri378
panel tri  0 8.48528 -8.48528  0 6.66684 -9.97764  2.55129 6.15936 -9.97764  tri379
panel tri  0 8.48528 -8.48528  -2.55129 6.15936 -9.97764  0 6.66684 -9.97764  tri380
panel tri  -3.24718 7.83938 -8.48528  -6 6 -8.48528  -2.55129 6.15936 -9.97764  tri381
panel tri  -6 6 -8.48528  -7.83938 3.24718 -8.48528  -6.15936 2.55129 -9.97764  tri382
panel tri  -6 6 -8.48528  -4.71417 4.71417 -9.97764  -2.55129 6.15936 -9.97764  tri383
panel tri  -6 6 -8.48528  -6.15936 2.55129 -9.97764  -4.71417 4.71417 -9.97764  tri384
panel tri  -7.83938 3.24718 -8.48528  -8.48528 0 -8.48528  -6.15936 2.55129 -9.97764  tri385
panel tri  -8.48528 0 -8.48528  -7.83938 -3.24718 -8.48528  -6.66684 0 -9.97764  tri386
panel tri  -8.48528 0 -8.48528  -6.66684 0 -9.97764  -6.15936 2.55129 -9.97764  tri387
panel tri  -7.83938 -3.24718 -8.48528  -6 -6 -8.48528  -4.71417 -4.71417 -9.97764  tri388
panel tri  -7.83938 -3.24718 -8.48528  -6.15936 -2.55129 -9.97764  -6.66684 0 -9.97764  tri389
panel tri  -7.83938 -3.24718 -8.48528  -4.71417 -4.71417 -9.97764  -6.15936 -2.55129 -9.97764  tri390
panel tri  -6 -6 -8.48528  -3.24718 -7.83938 -8.48528  -2.55129 -6.15936 -9.97764  tri391
panel tri  -6 -6 -8.48528  -2.55129 -6.15936 -9.97764  -4.71417 -4.71417 -9.97764  tri392
panel tri  -3.24718 -7.83938 -8.48528  0 -8.48528 -8.48528  0 -6.66684 -9.97764  tri393
panel tri  -3.24718 -7.83938 -8.48528  0 -6.66684 -9.97764  -2.55129 -6.15936 -9.97764  tri394
panel tri  0 -8.48528 -8.48528  3.24718 -7.83938 -8.48528  2.55129 -6.15936 -9.97764  tri395
panel tri  0 -8.48528 -8.48528  2.55129 -6.15936 -9.97764  0 -6.66684 -9.97764  tri396
panel tri  3.24718 -7.83938 -8.48528  6 -6 -8.48528  4.71417 -4.71417 -9.97764  tri397
panel tri  3.24718 -7.83938 -8.48528  4.71417 -4.71417 -9.97764  2.55129 -6.15936 -9.97764  tri398
panel tri  6 -6 -8.48528  7.83938 -3.24718 -8.48528  6.15936 -2.55129 -9.97764  tri399
panel tri  6 -6 -8.48528  6.15936 -2.55129 -9.97764  4.71417 -4.71417 -9.97764  tri400
panel tri  6.66684 0 -9.97764  6.15936 2.55129 -9.97764  4.5922 0 -11.0866  tri401
panel tri  6.66684 0 -9.97764  4.5922 0 -11.0866  6.15936 -2.55129 -9.97764  tri402
panel tri  6.15936 2.55129 -9.97764  4.71417 4.71417 -9.97764  4.24264 1.75736 -11.0866  tri403
panel tri  6.15936 2.55129 -9.97764  4.24264 1.75736 -11.0866  4.5922 0 -11.0866  tri404
panel tri  4.71417 4.71417 -9.97764  2.55129 6.15936 -9.97764  3.24718 3.24718 -11.0866  tri405
panel tri  4.71417 4.71417 -9.97764  3.24718 3.24718 -11.0866  4.24264 1.75736 -11.0866  tri406
panel tri  2.55129 6.15936 -9.97764  0 6.66684 -9.97764  0 4.5922 -11.0866  tri407
panel tri  2.55129 6.15936 -9.97764  1.75736 4.24264 -11.0866  3.24718 3.24718 -11.0866  tri408
panel tri  2.55129 6.15936 -9.97764  0 4.5922 -11.0866  1.75736 4.24264 -11.0866  tri409
panel tri  0 6.66684 -9.97764  -2.55129 6.15936 -9.97764  0 4.5922 -11.0866  tri410
panel tri  -2.55129 6.15936 -9.97764  -4.71417 4.71417 -9.97764  -3.24718 3.24718 -11.0866  tri411
panel tri  -2.55129 6.15936 -9.97764  -1.75736 4.24264 -11.0866  0 4.5922 -11.0866  tri412
panel tri  -2.55129 6.15936 -9.97764  -3.24718 3.24718 -11.0866  -1.75736 4.24264 -11.0866  tri413
panel tri  -4.71417 4.71417 -9.97764  -6.15936 2.55129 -9.97764  -3.24718 3.24718 -11.0866  tri414
panel tri  -6.15936 2.55129 -9.97764  -6.66684 0 -9.97764  -4.5922 0 -11.0866  tri415
panel tri  -6.15936 2.55129 -9.97764  -4.24264 1.75736 -11.0866  -3.24718 3.24718 -11.0866  tri416
panel tri  -6.15936 2.55129 -9.97764  -4.5922 0 -11.0866  -4.24264 1.75736 -11.0866  tri417
panel tri  -6.66684 0 -9.97764  -6.15936 -2.55129 -9.97764  -4.5922 0 -11.0866  tri418
panel tri  -6.15936 -2.55129 -9.97764  -4.71417 -4.71417 -9.97764  -3.24718 -3.24718 -11.0866  tri419
panel tri  -6.15936 -2.55129 -9.97764  -4.24264 -1.75736 -11.0866  -4.5922 0 -11.0866  tri420
panel tri  -6.15936 -2.55129 -9.97764  -3.24718 -3.24718 -11.0866  -4.24264 -1.75736 -11.0866  tri421
panel tri  -4.71417 -4.71417 -9.97764  -2.55129 -6.15936 -9.97764  -3.24718 -3.24718 -11.0866  tri422
panel tri  -2.55129 -6.15936 -9.97764  0 -6.66684 -9.97764  0 -4.5922 -11.0866  tri423
panel tri  -2.55129 -6.15936 -9.97764  -1.75736 -4.24264 -11.0866  -3.24718 -3.24718 -11.0866  tri424
panel tri  -2.55129 -6.15936 -9.97764  0 -4.5922 -11.0866  -1.75736 -4.24264 -11.0866  tri425
panel tri  0 -6.66684 -9.97764  2.55129 -6.15936 -9.97764  0 -4.5922 -11.0866  tri426
panel tri  2.55129 -6.15936 -9.97764  4.71417 -4.71417 -9.97764  3.24718 -3.24718 -11.0866  tri427
panel tri  2.55129 -6.15936 -9.97764  1.75736 -4.24264 -11.0866  0 -4.5922 -11.0866  tri428
panel tri  2.55129 -6.15936 -9.97764  3.24718 -3.24718 -11.0866  1.75736 -4.24264 -11.0866  tri429
panel tri  4.71417 -4.71417 -9.97764  6.15936 -2.55129 -9.97764  3.24718 -3.24718 -11.0866  tri430
panel tri  6.15936 -2.55129 -9.97764  4.5922 0 -11.0866  4.24264 -1.75736 -11.0866  tri431
panel tri  6.15936 -2.55129 -9.97764  4.24264 -1.75736 -11.0866  3.24718 -3.24718 -11.0866  tri432
panel tri  4.5922 0 -11.0866  4.24264 1.75736 -11.0866  2.34108 0 -11.7694  tri433
panel tri  4.5922 0 -11.0866  2.16288 -0.895894 -11.7694  4.24264 -1.75736 -11.0866  tri434
panel tri  4.5922 0 -11.0866  2.34108 0 -11.7694  2.16288 -0.895894 -11.7694  tri435
panel tri  4.24264 1.75736 -11.0866  3.24718 3.24718 -11.0866  2.16288 0.895894 -11.7694  tri436
panel tri  4.24264 1.75736 -11.0866  2.16288 0.895894 -11.7694  2.34108 0 -11.7694  tri437
panel tri  3.24718 3.24718 -11.0866  1.75736 4.24264 -11.0866  1.6554 1.6554 -11.7694  tri438
panel tri  3.24718 3.24718 -11.0866  1.6554 1.6554 -11.7694  2.16288 0.895894 -11.7694  tri439
panel tri  1.75736 4.24264 -11.0866  0 4.5922 -11.0866  0.895894 2.16288 -11.7694  tri440
panel tri  1.75736 4.24264 -11.0866  0.895894 2.16288 -11.7694  1.6554 1.6554 -11.7694  tri441
panel tri  0 4.5922 -11.0866  -1.75736 4.24264 -11.0866  -0.895894 2.16288 -11.7694  tri442
panel tri  0 4.5922 -11.0866  0 2.34108 -11.7694  0.895894 2.16288 -11.7694  tri443
panel tri  0 4.5922 -11.0866  -0.895894 2.16288 -11.7694  0 2.34108 -11.7694  tri444
panel tri  -1.75736 4.24264 -11.0866  -3.24718 3.24718 -11.0866  -0.895894 2.16288 -11.7694  tri445
panel tri  -3.24718 3.24718 -11.0866  -4.24264 1.75736 -11.0866  -2.16288 0.895894 -11.7694  tri446
panel tri  -3.24718 3.24718 -11.0866  -1.6554 1.6554 -11.7694  -0.895894 2.16288 -11.7694  tri447
panel tri  -3.24718 3.24718 -11.0866  -2.16288 0.895894 -11.7694  -1.6554 1.6554 -11.7694  tri448
panel tri  -4.24264 1.75736 -11.0866  -4.5922 0 -11.0866  -2.16288 0.895894 -11.7694  tri449
panel tri  -4.5922 0 -11.0866  -4.24264 -1.75736 -11.0866  -2.34108 0 -11.7694  tri450
panel tri  -4.5922 0 -11.0866  -2.34108 0 -11.7694  -2.16288 0.895894 -11.7694  tri451
panel tri  -4.24264 -1.75736 -11.0866  -3.24718 -3.24718 -11.0866  -2.16288 -0.895894 -11.7694  tri452
panel tri  -4.24264 -1.75736 -11.0866  -2.16288 -0.895894 -11.7694  -2.34108 0 -11.7694  tri453
panel tri  -3.24718 -3.24718 -11.0866  -1.75736 -4.24264 -11.0866  -1.6554 -1.6554 -11.7694  tri454
panel tri  -3.24718 -3.24718 -11.0866  -1.6554 -1.6554 -11.7694  -2.16288 -0.895894 -11.7694  tri455
panel tri  -1.75736 -4.24264 -11.0866  0 -4.5922 -11.0866  -0.895894 -2.16288 -11.7694  tri456
panel tri  -1.75736 -4.24264 -11.0866  -0.895894 -2.16288 -11.7694  -1.6554 -1.6554 -11.7694  tri457
panel tri  0 -4.5922 -11.0866  1.75736 -4.24264 -11.0866  0.895894 -2.16288 -11.7694  tri458
panel tri  0 -4.5922 -11.0866  0 -2.34108 -11.7694  -0.895894 -2.16288 -11.7694  tri459
panel tri  0 -4.5922 -11.0866  0.895894 -2.16288 -11.7694  0 -2.34108 -11.7694  tri460
panel tri  1.75736 -4.24264 -11.0866  3.24718 -3.24718 -11.0866  0.895894 -2.16288 -11.7694  tri461
panel tri  3.24718 -3.24718 -11.0866  4.24264 -1.75736 -11.0866  1.6554 -1.6554 -11.7694  tri462
panel tri  3.24718 -3.24718 -11.0866  1.6554 -1.6554 -11.7694  0.895894 -2.16288 -11.7694  tri463
panel tri  4.24264 -1.75736 -11.0866  2.16288 -0.895894 -11.7694  1.6554 -1.6554 -11.7694  tri464
panel tri  2.34108 0 -11.7694  2.16288 0.895894 -11.7694  0 0 -12  tri465
panel tri  2.34108 0 -11.7694  0 0 -12  2.16288 -0.895894 -11.7694  tri466
panel tri  2.16288 0.895894 -11.7694  1.6554 1.6554 -11.7694  0 0 -12  tri467
panel tri  1.6554 1.6554 -11.7694  0.895894 2.16288 -11.7694  0 0 -12  tri468
panel tri  0.895894 2.16288 -11.7694  0 2.34108 -11.7694  0 0 -12  tri469
panel tri  0 2.34108 -11.7694  -0.895894 2.16288 -11.7694  0 0 -12  tri470
panel tri  -0.895894 2.16288 -11.7694  -1.6554 1.6554 -11.7694  0 0 -12  tri471
panel tri  -1.6554 1.6554 -11.7694  -2.16288 0.895894 -11.7694  0 0 -12  tri472
panel tri  -2.16288 0.895894 -11.7694  -2.34108 0 -11.7694  0 0 -12  tri473
panel tri  -2.34108 0 -11.7694  -2.16288 -0.895894 -11.7694  0 0 -12  tri474
panel tri  -2.16288 -0.895894 -11.7694  -1.6554 -1.6554 -11.7694  0 0 -12  tri475
panel tri  -1.6554 -1.6554 -11.7694  -0.895894 -2.16288 -11.7694  0 0 -12  tri476
panel tri  -0.895894 -2.16288 -11.7694  0 -2.34108 -11.7694  0 0 -12  tri477
panel tri  0 -2.34108 -11.7694  0.895894 -2.16288 -11.7694  0 0 -12  tri478
panel tri  0.895894 -2.16288 -11.7694  1.6554 -1.6554 -11.7694  0 0 -12  tri479
panel tri  1.6554 -1.6554 -11.7694  2.16288 -0.895894 -11.7694  0 0 -12  tri480

end_file
