0 220 250
10 219.213 264.391
20 206.365 283.3
30 212.291 287.452
40 201.056 305.639
50 187.128 295.825
60 187.491 275.331
70 201.425 288.234
80 200.065 301.632
90 201.241 290.972
100 195.605 279.847
110 195.486 298.396
120 197.459 298.745
130 207.032 303.544
140 213.662 308.356
150 222.142 284.974
160 222.408 284.411
170 211.354 304.757
180 208.557 303.892
190 216.053 301.189
200 216.933 299.56
210 218.324 305.026
220 235.192 311.055
230 223.218 311.139
240 229.191 307.421
250 227.01 292.624
260 190.737 294.4
270 197.356 294.428
280 196.475 296.543
290 210.538 270.727
300 220.487 254.93
310 223.106 249.459
320 234.461 248.589
330 238.666 249.382
340 267.478 257.945
350 265.653 253.219
360 277.764 247.821
370 281.094 248.952
380 257.327 246.863
390 254.347 248.068
400 251.443 254.567
410 261.751 248.585
420 264.275 248.88
430 260.411 262.948
440 256.836 270.082
450 257.61 250.023
460 265.847 260.464
470 263.618 258.917
480 275.161 260.813
490 276.708 247.713
500 251.823 247.057
510 257.382 255.282
520 251.911 253.295
530 244.816 249.431
540 266.843 253.281
550 271.654 251.06
560 273.272 247.769
570 273.844 246.301
580 277.514 251.351
590 265.607 262.673
600 266.57 266.527
610 248.655 254.301
620 252.858 256.457
630 254.296 264.671
640 246.239 263.966
650 252.702 277.611
660 239.346 272.912
670 245.428 285.257
680 232.266 296.251
690 231.332 302.728
700 236.577 303.116
710 240.298 292.455
720 225.309 311.068
730 225.208 300.447
740 222.047 288.226
750 215.811 293.327
760 219.234 283.967
770 222.939 296.439
780 232.711 313.69
790 221.296 307.944
800 215.14 312.889
810 217.205 307.131
820 215.617 304.183
830 212.888 292.229
840 228.283 291.641
850 235.008 299.256
860 226.989 294.514
870 209.456 301
880 208.637 307.104
890 201.593 299.386
900 195.083 291.061
910 198.188 298.532
920 215.381 309.128
930 229.645 315.837
940 229.728 314.46
950 234.012 303.314
960 228.362 296.714
970 216.346 287.516
980 206.442 282.98
990 198.565 264.331
1000 215.755 248.362
1010 226.344 256.162
1020 214.3 254.392
1030 226.837 255.927
1040 206.271 252.488
1050 202 255.013
1060 208.702 263.719
1070 195.734 271.029
1080 184.805 281.977
1090 189.71 281.317
1100 199.213 260.239
1110 200.588 267.006
1120 203.346 246.582
1130 215.471 249.56
1140 222.521 252.232
1150 224.151 253.073
1160 210.815 250.125
1170 250.083 246.747
1180 249.608 256.563
1190 248.86 247.78
1200 261.15 265.241
1210 261.767 256.309
1220 274.515 252.261
1230 258.221 255.156
1240 252.117 265.657
1250 268.097 264.766
1260 271.025 262.993
1270 252.753 266.502
1280 269.907 246.726
1290 262.834 253.559
1300 257.715 250.644
1310 262.837 253.136
1320 278.403 248.048
1330 269.424 261.077
1340 275.458 248.64
1350 278.688 247.017
1360 264.494 265.603
1370 254.348 249.572
1380 259.997 247.588
1390 248.064 259.323
1400 233.697 252.02
1410 231.968 252.624
1420 230.597 258.517
1430 219.988 272.055
1440 234.299 261.879
1450 224.974 260.492
1460 233.891 272.087
1470 218.52 258.306
1480 203.163 266.654
1490 195.812 265.186
1500 202.345 270.497
1510 204.974 262.589
1520 211.637 274.897
1530 220.472 287.655
1540 220.278 284.868
1550 234.774 271.429
1560 232.661 273.12
1570 233.628 282.962
1580 247.054 286.105
1590 234.608 284.026
1600 221.026 291.495
1610 213.264 292.068
1620 223.01 293.077
1630 219.929 283.882
1640 224.341 282.167
1650 198.149 282.005
1660 193.173 283.806
1670 192.39 282.651
1680 203.196 283.967
1690 228.17 284.977
1700 223.302 297.839
1710 204.44 290.223
1720 192.599 300.047
1730 213.773 304.589
1740 215.318 312.525
1750 204.091 307.947
1760 208.14 303.151
1770 209.618 303.056
1780 208.791 302.918
1790 202.929 296.1
1800 195.956 291.076
1810 202.917 283.697
1820 205.01 284.962
1830 189.577 284.179
1840 186.14 294.39
1850 188.628 294.004
1860 188.12 287.539
1870 200.477 298.911
1880 210.619 308.691
1890 196.402 290.078
1900 182.051 292.884
1910 182.301 291.548
1920 185.511 283.004
1930 207.632 282.394
1940 216.52 275.956
1950 187.918 274.704
1960 184.459 283.028
1970 189.484 274.71
1980 198.483 280.502
1990 228.785 276.614
2000 226.547 287.616
2010 240.188 301.391
2020 213.86 301.552
2030 216.938 314.636
2040 223.878 316.206
2050 219.462 296.693
2060 223.55 300.987
2070 217.111 299.907
2080 227.365 305.893
2090 225.34 318.492
2100 219.316 313.077
2110 213.934 313.007
2120 212.053 299.596
2130 202.836 307.407
2140 192.697 301.039
2150 194.657 292.007
2160 197.164 298.485
2170 204.007 301.542
2180 206.555 288.531
2190 211.996 274.008
2200 229.79 266.113
2210 228.008 253.609
2220 225.522 253.472
2230 237.164 246.69
2240 238.378 257.896
2250 232.499 255.23
2260 242.851 247.308
2270 258.045 274.279
2280 264.778 269.943
2290 275.452 260.454
2300 275.539 252.042
2310 275.069 254.713
2320 262.126 247.846
2330 242.507 265.706
2340 232.502 261.213
2350 227.198 257.094
2360 234.86 264.552
2370 227.2 280.555
2380 207.776 264.133
2390 193.867 280.119
2400 187.389 284.496
2410 185.995 280.467
2420 197.363 262.007
2430 198.07 275.557
2440 194.663 266.388
2450 193.732 266.963
2460 210.93 262.163
2470 206.922 274.118
2480 221.656 267.278
2490 209.274 271.287
2500 184.477 290.97
2510 189.68 300.159
2520 201.75 303.033
2530 200.974 283.498
2540 210.273 281.235
2550 208.262 259.648
2560 222.705 266.078
2570 229.908 258.361
2580 238.085 271.566
2590 250.317 259.654
2600 234.137 279.923
2610 220.569 288.791
2620 250.527 287.664
2630 254.08 283.167
2640 252.279 287.217
2650 264.541 269.776
2660 253.795 261.66
2670 249.276 252.549
2680 228.832 251.139
2690 214.25 258.063
2700 230.369 249.465
2710 212.06 257.8
2720 227.006 253.373
2730 253.814 274.539
2740 252.479 279.684
2750 263.528 264.986
2760 265.958 260.081
2770 259.033 266.196
2780 270.173 257.487
2790 260.675 253.856
2800 241.638 256.849
2810 232.186 272.483
2820 214.094 275.68
2830 215.151 256.074
2840 229.43 254.271
2850 238.451 267.127
2860 259.684 279.101
2870 246.441 264.091
2880 246.955 249.433
2890 242.476 257.715
2900 220.344 246.569
2910 215.389 260.019
2920 197.099 268.65
2930 207.747 274.153
2940 204.143 269.286
2950 196.168 260.737
2960 204.068 281.657
2970 189.154 285.771
2980 179.397 291.461
2990 198.828 282.704
3000 203.297 295.52
3010 206.655 301.796
3020 202.668 303.343
3030 213.987 311.004
3040 229.125 291.639
3050 241.502 299.721
3060 236.245 303.481
3070 228.979 292.576
3080 224.809 286.887
3090 247.536 291.729
3100 251.827 288.455
3110 242.298 297.555
3120 229.527 300.749
3130 213.953 313.062
3140 219.114 305.55
3150 225.093 300.736
3160 239.085 290.552
3170 229.66 305.927
3180 217.576 302.712
3190 236.114 287.09
3200 220.269 288.073
3210 229.144 280.458
3220 230.83 274.656
3230 212.034 265.767
3240 218.121 266.056
3250 232.233 272.881
3260 222.216 267.892
3270 219.443 261.298
3280 209.076 258.766
3290 220.235 246.964
3300 232.833 254.093
3310 241.219 266.474
3320 262.857 264.65
3330 235.282 274.984
3340 236.079 280.065
3350 240.247 263.365
3360 236.357 254.95
3370 238.798 247.801
3380 246.79 247.125
3390 247.161 256.205
3400 250.965 249.004
3410 260.705 249.146
3420 250.691 254.864
3430 244.662 259.1
3440 255.018 248.028
3450 266.213 266.169
3460 274.059 260.675
3470 271.802 257.988
3480 282.395 249.49
3490 275.014 258.76
3500 263.537 272.807
3510 272.238 257.367
3520 253.077 260.641
3530 253.567 263.464
3540 270.658 262.994
3550 255.274 267.092
3560 243.35 278.214
3570 247.435 278.835
3580 244.358 262.396
3590 243.588 267.512
3600 262.726 268.89
3610 259.863 274.642
3620 237.013 262.789
3630 223.714 262.562
3640 224.677 271.964
3650 227.307 268.245
3660 238.178 275.845
3670 235.213 262.055
3680 224.705 254.912
3690 214.587 260.692
3700 204.373 263.727
3710 193.347 270.817
3720 200.735 265.755
3730 217.002 258.609
3740 198.089 266.943
3750 198.571 268.551
3760 194.003 270.436
3770 192.054 266.318
3780 221.112 263.096
3790 216.126 263.888
3800 202.294 258.103
3810 198.133 263.563
3820 199.525 254.618
3830 217.738 255.067
3840 205.467 247.614
3850 213.504 256.131
3860 226.947 273.938
3870 223.627 254.034
3880 242.897 276.63
3890 257.542 247.068
3900 261.869 277.533
3910 250.566 259.257
3920 254.982 255.149
3930 259.132 248.878
3940 267.904 246.513
3950 260.093 253.486
3960 227.244 265.186
3970 224.476 270.433
3980 246.133 261.009
3990 248.325 262.282
4000 244.928 262.33
4010 263.929 266.269
4020 261.21 273.102
4030 244.603 277.44
4040 235.067 289.149
4050 231.476 281.898
4060 223.214 275.985
4070 222.4 310.375
4080 212.932 311.642
4090 203.556 288.311
4100 217.715 268.537
4110 204.813 259.772
4120 203.453 264.466
4130 191.878 278.007
4140 205.445 306.046
4150 208.463 301.645
4160 221.428 290.149
4170 209.101 282.686
4180 212.304 271.516
4190 206.099 251.238
4200 198.06 261.288
4210 210.063 257.007
4220 220.806 249.324
4230 218.788 255.094
4240 217.564 249.084
4250 207.293 252.51
4260 203.583 257.074
4270 195.601 269.251
4280 201.763 257.606
4290 207.526 261.008
4300 197.217 281.266
4310 200.787 273.655
4320 189.331 288.917
4330 182.537 285.248
4340 206.565 273.413
4350 214.44 264.906
4360 211.165 273.239
4370 201.789 275.505
4380 196.047 264.159
4390 206.798 263.957
4400 212.705 262.207
4410 221.901 259.298
4420 235.828 264.595
4430 244.707 257.553
4440 242.718 255.855
4450 226.682 288.842
4460 215.505 304.385
4470 218.53 296.118
4480 224.436 304.997
4490 226.896 321.322
4500 220.461 313.095
4510 217.542 316.089
4520 221.842 313.564
4530 214.53 313.322
4540 198.603 303.239
4550 198.818 294.35
4560 212.391 300.17
4570 203.147 306.088
4580 213.363 304.901
4590 227.529 307.873
4600 217.013 298.878
4610 215.795 289.692
4620 224.482 281.294
4630 206.686 283.479
4640 218.635 288.962
4650 201.462 298.974
4660 218.234 294.063
4670 210.723 303.195
4680 208.11 307.43
4690 202.188 306.583
4700 184.166 292.334
4710 183.378 293.668
4720 186.57 283.694
4730 199.127 270.218
4740 203.087 285.532
4750 205.454 287.91
4760 222.136 263.952
4770 221.85 253.64
4780 209.919 251.205
4790 202.123 246.788
4800 203.587 259.818
4810 198.753 253.235
4820 201.748 265.466
4830 204.652 257.122
4840 221.679 255.384
4850 228.663 250.788
4860 224.734 257.268
4870 228.19 269.53
4880 212.928 283.171
4890 200.858 293.243
4900 198.9 290.126
4910 196.195 303.492
4920 216.929 285.175
4930 235.467 288.179
4940 242.74 293.344
4950 236.051 269.248
4960 240.032 274.788
4970 242.458 258.38
4980 237.747 262.5
4990 241.196 254.59
5000 233.079 257.846
5010 238.796 253.086
5020 231.343 258.089
5030 252.779 255.003
5040 247.997 263.959
5050 233.267 252.861
5060 231.278 249.912
5070 230.626 250.143
5080 219.385 257.066
5090 243.505 258.7
5100 247.313 259.832
5110 244.081 250.151
5120 240.585 252.06
5130 253.415 278.215
5140 253.389 279.921
5150 250.302 274.295
5160 231.125 276.855
5170 248.927 285.396
5180 244.128 286.766
5190 244.933 293.202
5200 241.077 298.173
5210 243.653 285.922
5220 244.998 298.215
5230 238.058 280.766
5240 239.98 299.347
5250 237.298 286.809
5260 223.256 282.167
5270 210.369 290.898
5280 196.616 303.992
5290 194.592 291.304
5300 181.091 287.451
5310 205.445 302.912
5320 204.635 293.484
5330 196.185 283.453
5340 208.208 288.296
5350 194.497 262.441
5360 194.026 265.2
5370 199.306 267.424
5380 200.33 253.766
5390 214.918 259.912
5400 222.858 273.908
5410 214.164 264.205
5420 207.448 263.996
5430 202.972 248.986
5440 205.177 259.302
5450 210.393 283.233
5460 209.118 283.515
5470 200.154 280.001
5480 209.258 289.333
5490 213.32 292.694
5500 214.633 299.765
5510 233.839 295.158
5520 214.073 313.847
5530 190.48 296.3
5540 196.126 296.598
5550 195.022 301.707
5560 203.955 306.329
5570 204.966 297.538
5580 198.064 302.242
5590 212.496 302.028
5600 232.62 296.373
5610 235.735 300.399
5620 244.528 289.866
5630 229.311 307.848
5640 230.026 303.367
5650 225.276 290.418
5660 242.995 300.941
5670 237.801 291.756
5680 218.004 281.867
5690 212.416 265.304
5700 213.373 282.661
5710 221.014 279.931
5720 238.032 304.543
5730 228.88 313.148
5740 217.166 303.283
5750 212.954 290.062
5760 208.101 279.081
5770 192.161 300.761
5780 216.448 284.982
5790 210.476 277.29
5800 200.447 260.659
5810 219.153 252.504
5820 237.179 251.348
5830 232.995 275.514
5840 235.201 272.932
5850 220.515 257.185
5860 241.454 262.371
5870 232.544 261.624
5880 243.832 263.886
5890 239.278 268.573
5900 245.492 266.416
5910 260.068 273.173
5920 244.718 268.73
5930 241.03 254.767
5940 216.464 266.799
5950 203.682 267.072
5960 193.791 274.436
5970 200.073 254.733
5980 208.025 251.035
5990 222.644 249.455
6000 225.708 252.862
6010 227.76 247.941
6020 230.433 247.206
6030 201.627 263.633
6040 200.066 285.451
6050 201.415 276.642
6060 205.752 261.212
6070 208.639 252.978
6080 202.357 259.787
6090 204.276 291.192
6100 203.416 299.839
6110 204.087 269.393
6120 193.75 264.384
6130 199.411 254.809
6140 203.703 247.663
6150 204.907 250.282
6160 216.353 260.396
6170 224.101 260.347
6180 214.958 250.388
6190 201.313 254.217
6200 213.43 257.454
6210 216.314 265.019
6220 220.849 260.658
6230 220.099 261.752
6240 211.807 270.552
6250 223.335 286.988
6260 237.335 308.329
6270 225.647 316.968
6280 213.799 313.644
6290 216.42 305.086
6300 212.45 291.034
6310 209.94 260.859
6320 219.923 256.321
6330 206.682 256.968
6340 220.393 260.035
6350 229.557 258.976
6360 251.858 248.238
6370 264.732 252.236
6380 252.023 256.1
6390 261.153 254.978
6400 234.603 250.692
6410 250.939 253.932
6420 258.734 268.784
6430 267.824 247.308
6440 280.135 254.202
6450 276.134 254.174
6460 265.507 255.59
6470 266.372 249.169
6480 265.492 258.863
6490 274.024 253.536
6500 280.607 251.452
6510 262.576 253.708
6520 260.768 256.036
6530 262.345 273.164
6540 243.175 294.962
6550 248.245 293.313
6560 233.96 303.204
6570 237.17 303.99
6580 239.999 293.27
6590 247.149 294.605
6600 235.705 301.467
6610 233.784 302.854
6620 234.754 294.723
6630 235.469 285.987
6640 245.521 283.066
6650 237.421 276.128
6660 232.549 281.162
6670 227.447 296.603
6680 232.774 290.845
6690 235.246 307.384
6700 232.979 299.456
6710 243.698 287.851
6720 249.554 276.438
6730 234.532 306.678
6740 249.98 313.044
6750 273.056 310.468
6760 292.023 311.62
6770 306.407 320.561
6780 307.389 326.911
6790 304.12 315.053
6800 309.974 315.625
6810 274.566 310.932
6820 268.59 308.326
6830 283.082 310.885
6840 277.233 301.752
6850 274.39 304.89
6860 265.601 333.07
6870 264.476 339.85
6880 279.948 335.99
6890 271.125 320.912
6900 267.337 328.493
6910 256.91 338.409
6920 268.629 342.226
6930 274.96 333.114
6940 287.183 335.025
6950 309.238 339.089
6960 313.656 308.139
6970 322.335 309.108
6980 297.446 319.993
6990 294.701 314.169
7000 316.026 291.208
7010 317.279 288.533
7020 313.121 286.527
7030 306.209 287.937
7040 285.375 309.283
7050 296.738 325.588
7060 281.244 306.404
7070 282.04 295.851
7080 301.86 286.254
7090 288.854 295.534
7100 292.647 280.825
7110 291.153 273.474
7120 290.945 266.326
7130 295.503 273.975
7140 296.439 280.957
7150 290.389 270.762
7160 296.219 272.065
7170 304.456 276.101
7180 316.613 287.025
7190 306.733 300.626
7200 299.622 303.306
7210 288.863 301.575
7220 287.543 321.156
7230 292.183 301.642
7240 293.863 300.914
7250 311.157 318.923
7260 298.492 299.104
7270 308.23 288.77
7280 304.518 293.18
7290 312.077 289.606
7300 314.34 283.344
7310 312.627 289.248
7320 316.84 313.87
7330 308.068 305.01
7340 309.408 315.566
7350 315.863 309.13
7360 309.179 293.043
7370 302.785 296.489
7380 289.129 308.864
7390 280.191 297.065
7400 296.984 303.702
7410 293.86 316.566
7420 301.708 333.887
7430 296.095 319.71
7440 287.337 342.574
7450 287.658 348.215
7460 287.082 339.771
7470 286.871 335.995
7480 275.418 323.185
7490 260.596 306.846
7500 270.125 321.555
7510 269.722 311.897
7520 268.296 311.151
7530 251.566 314.91
7540 247.185 322.767
7550 274.217 333.738
7560 271.391 328.873
7570 276.74 343.708
7580 272.725 336.156
7590 272.892 335.558
7600 252.457 335.555
7610 259.312 317.145
7620 242.225 308.858
7630 238.622 309.592
7640 236.601 325.436
7650 229.476 320.093
7660 237.18 315.068
7670 245.965 326.686
7680 246.378 338.376
7690 246.44 345.54
7700 240.076 350.305
7710 248.068 350.573
7720 245.805 357.953
7730 225.218 350.829
7740 225.16 348.395
7750 226.968 338.946
7760 227.227 355.756
7770 249.238 356.616
7780 238.694 360.408
7790 248.728 381.315
7800 267.269 379.511
7810 262.227 374.948
7820 240.421 376.308
7830 274.122 368.623
7840 268.768 391.464
7850 252.69 367.112
7860 237.021 364.895
7870 237.371 354.711
7880 240.367 346.297
7890 251.314 351.15
7900 258.579 346.712
7910 245.217 340.848
7920 231.051 339.19
7930 224.663 351.199
7940 223.951 344.535
7950 221.327 343.375
7960 234.235 328.446
7970 231.977 338.863
7980 219.254 332.263
7990 234.765 327.317
8000 234.084 327.676
8010 235.172 333.256
8020 239.945 335.81
8030 230.97 329.976
8040 235.849 329.807
8050 232.627 333.41
8060 232.51 326.88
8070 253.284 343.202
8080 232.221 345.987
8090 230.466 353.352
8100 245.569 342.801
8110 233.785 363.055
8120 225.941 354.348
8130 257.982 349.56
8140 233.842 366.109
8150 227.195 352.692
8160 236.281 356.43
8170 254.38 343.225
8180 244.083 331.788
8190 226.983 330.552
8200 246.879 347.286
8210 259.595 365.817
8220 261.9 356.925
8230 258.569 351.973
8240 231.351 345.886
8250 231.194 347.613
8260 243.919 334.093
8270 244.899 335.735
8280 239.35 338.742
8290 244.696 331.993
8300 264.928 350.258
8310 267.357 345.573
8320 267.049 347.675
8330 258.319 340.675
8340 254.185 351.029
8340.3 251.853 351.262
