0 1002 1000 0
1 989 987 13
2 979 977 23
3 959 957 43
4 950 948 52
5 938 936 64
6 929 927 73
7 924 922 78
8 913 911 89
9 910 908 92
10 899 897 103
11 892 890 110
12 886 884 116
13 874 872 128
14 864 862 138
15 858 856 144
16 849 847 153
17 843 841 159
18 839 837 163
19 829 827 173
20 826 824 176
21 821 819 181
22 818 816 184
23 813 811 189
24 807 805 195
25 804 802 198
26 797 795 205
27 792 790 210
28 789 787 213
29 786 784 216
30 786 784 216
31 778 776 224
32 773 771 229
33 773 771 229
34 766 764 236
35 761 759 241
36 757 755 245
37 754 752 248
38 752 750 250
39 749 747 253
40 740 738 262
41 733 731 269
42 730 728 272
43 726 724 276
44 723 721 279
45 719 717 283
46 718 716 284
47 715 713 287
48 711 709 291
49 708 706 294
50 708 706 294
51 704 702 298
52 700 698 302
53 696 694 306
54 694 692 308
55 692 690 310
56 689 687 313
57 683 681 319
58 678 676 324
59 676 674 326
60 676 674 326
61 674 672 328
62 673 671 329
63 671 669 331
64 669 667 333
65 664 662 338
66 663 661 339
67 662 660 340
68 659 657 343
69 657 655 345
70 656 654 346
71 656 654 346
72 655 653 347
73 653 651 349
74 650 648 352
75 647 645 355
76 647 645 355
77 647 645 355
78 644 642 358
79 643 641 359
80 642 640 360
81 640 638 362
82 637 635 365
83 633 631 369
84 632 630 370
85 625 623 377
86 622 620 380
87 622 620 380
88 617 615 385
89 612 610 390
90 607 605 395
91 605 603 397
92 603 601 399
93 600 598 402
94 599 597 403
95 594 592 408
96 592 590 410
97 592 590 410
98 590 588 412
99 587 585 415
100 585 583 417
101 582 580 420
102 578 576 424
103 577 575 425
104 575 573 427
105 573 571 429
106 573 571 429
107 571 569 431
108 570 568 432
109 570 568 432
110 568 566 434
111 567 565 435
112 564 562 438
113 562 560 440
114 560 558 442
115 558 556 444
116 556 554 446
117 554 552 448
118 552 550 450
119 551 549 451
120 547 545 455
121 543 541 459
122 541 539 461
123 541 539 461
124 538 536 464
125 536 534 466
126 533 531 469
127 532 530 470
128 531 529 471
129 529 527 473
130 527 525 475
131 525 523 477
132 522 520 480
133 519 517 483
134 518 516 484
135 515 513 487
136 513 511 489
137 513 511 489
138 513 511 489
139 513 511 489
140 511 509 491
141 511 509 491
142 509 507 493
143 506 504 496
144 505 503 497
145 504 502 498
146 504 502 498
147 502 500 500
148 501 499 501
149 499 497 503
150 495 493 507
151 495 493 507
152 494 492 508
153 493 491 509
154 492 490 510
155 491 489 511
156 488 486 514
157 487 485 515
158 485 483 517
159 485 483 517
160 484 482 518
161 483 481 519
162 479 477 523
163 478 476 524
164 477 475 525
165 476 474 526
166 475 473 527
167 473 471 529
168 473 471 529
169 470 468 532
170 469 467 533
171 466 464 536
172 464 462 538
173 464 462 538
174 463 461 539
175 461 459 541
176 459 457 543
177 457 455 545
178 455 453 547
179 453 451 549
180 452 450 550
181 449 447 553
182 447 445 555
183 446 444 556
184 444 442 558
185 443 441 559
186 441 439 561
187 440 438 562
188 435 433 567
189 434 432 568
190 432 430 570
191 432 430 570
192 431 429 571
193 430 428 572
194 429 427 573
195 428 426 574
196 425 423 577
197 423 421 579
198 421 419 581
199 420 418 582
200 418 416 584
201 417 415 585
202 416 414 586
203 416 414 586
204 413 411 589
205 412 410 590
206 412 410 590
207 410 408 592
208 410 408 592
209 409 407 593
210 408 406 594
211 408 406 594
212 408 406 594
213 406 404 596
214 405 403 597
215 405 403 597
216 405 403 597
217 402 400 600
218 402 400 600
219 402 400 600
220 401 399 601
221 401 399 601
222 401 399 601
223 401 399 601
224 401 399 601
225 401 399 601
226 400 398 602
227 399 397 603
228 396 394 606
229 395 393 607
230 394 392 608
231 393 391 609
232 390 388 612
233 390 388 612
234 390 388 612
235 390 388 612
236 389 387 613
237 389 387 613
238 388 386 614
239 388 386 614
240 386 384 616
241 386 384 616
242 386 384 616
243 386 384 616
244 386 384 616
245 386 384 616
246 385 383 617
247 385 383 617
248 385 383 617
249 383 381 619
250 382 380 620
251 382 380 620
252 381 379 621
253 380 378 622
254 378 376 624
255 377 375 625
256 377 375 625
257 377 375 625
258 376 374 626
259 376 374 626
260 375 373 627
261 374 372 628
262 374 372 628
263 373 371 629
264 372 370 630
265 371 369 631
266 371 369 631
267 371 369 631
268 370 368 632
269 370 368 632
270 368 366 634
271 366 364 636
272 365 363 637
273 365 363 637
274 365 363 637
275 365 363 637
276 365 363 637
277 363 361 639
278 363 361 639
279 363 361 639
280 359 357 643
281 358 356 644
282 358 356 644
283 356 354 646
284 354 352 648
285 353 351 649
286 352 350 650
287 351 349 651
288 349 347 653
289 349 347 653
290 348 346 654
291 348 346 654
292 348 346 654
293 348 346 654
294 347 345 655
295 347 345 655
296 347 345 655
297 346 344 656
298 345 343 657
299 345 343 657
300 345 343 657
301 345 343 657
302 345 343 657
303 345 343 657
304 345 343 657
305 345 343 657
306 345 343 657
307 343 341 659
308 342 340 660
309 342 340 660
310 340 338 662
311 340 338 662
311.3 340 338 662
